2090026.0
1578148.0
2113995.0
1936576.0
1485698.0
2237235.0
2217151.0
1939489.0
1846084.0
2095496.0
2253906.0
1973427.0
2253906.0
1513649.0
1846084.0
1655721.0
1898083.0
2155053.0
2113995.0
1544585.0
2042697.0
1544585.0
1655721.0
1947339.0
1781490.0
1465357.0
1680386.0
2244889.0
1479404.0
1529233.0
2155053.0
1843254.0
1686024.0
1810348.0
2210475.0
1686024.0
1853838.0
1497012.0
1696356.0
2244889.0
1513649.0
1465357.0
1536462.0
1479901.0
1627211.0
2244889.0
1559456.0
1935370.0
1830706.0
2158091.0
1444604.0
2143143.0
1781490.0
2217151.0
1402362.0
1529233.0
1947339.0
2210475.0
1396759.0
2042697.0
1544585.0
1935370.0
1369874.0
1504878.0
1459359.0
1723130.0
1402362.0
1891834.0
2223692.0
2106843.0
1687608.0
1444604.0
1536462.0
1846084.0
1479901.0