67.0
24.0
94.0
71.0
32.0
66.0
43.0
72.0
80.0
68.0
76.0
73.0
13.0
65.0
21.0
97.0
5.0
20.0
76.0
34.0
21.0
24.0
2.0
50.0
37.0
59.0
14.0
16.0
66.0
14.0
13.0
29.0
10.0
98.0
97.0
30.0
77.0
77.0
3.0
71.0
87.0
83.0
51.0
74.0
41.0
87.0
25.0
38.0
33.0
61.0
66.0
49.0
22.0
87.0
68.0
28.0
89.0
21.0
64.0
71.0
75.0
27.0
35.0
28.0
22.0
77.0
45.0
27.0
85.0
35.0
41.0
41.0
35.0
76.0
55.0
47.0
17.0
78.0
99.0
89.0
15.0
13.0
16.0
62.0
60.0
91.0
83.0
97.0
45.0
62.0
39.0
89.0
28.0
73.0
34.0
41.0
97.0
68.0
37.0
55.0
49.0
3.0
19.0
73.0
15.0
30.0
2.0
17.0
49.0
45.0
96.0
7.0
65.0
27.0
90.0
40.0
18.0
11.0
21.0
28.0
50.0
41.0
41.0
68.0
71.0
27.0
85.0
16.0
38.0
20.0
87.0
35.0
40.0
67.0
73.0
88.0
77.0
15.0
14.0
31.0
39.0
77.0
30.0
20.0
3.0
77.0
6.0
23.0
85.0
40.0
83.0
86.0
90.0
12.0
3.0
75.0
66.0
19.0
3.0
4.0
6.0
36.0
80.0
75.0
82.0
72.0
99.0
72.0
16.0
59.0
85.0
67.0
10.0
76.0
3.0
8.0
81.0
11.0
16.0
81.0
80.0
4.0
57.0
33.0
41.0
98.0
87.0
31.0
12.0
82.0
62.0
76.0
98.0
1.0
94.0
69.0
78.0
30.0
82.0
21.0
22.0
15.0
64.0
97.0
61.0
10.0
73.0
64.0
40.0
94.0
50.0
26.0
46.0
73.0
58.0
39.0
15.0
3.0
84.0
51.0
31.0
60.0
57.0
6.0
7.0
40.0
14.0
30.0
77.0
56.0
33.0
82.0
13.0
6.0
19.0
18.0
96.0
40.0
91.0
85.0
39.0
5.0
68.0
28.0
31.0
73.0
90.0
60.0
48.0
72.0
97.0
96.0
4.0
58.0
35.0
43.0
71.0
14.0
89.0
49.0
26.0
60.0
32.0
25.0
77.0
12.0
36.0
24.0
28.0
45.0
16.0
21.0
46.0
89.0
50.0
62.0
29.0
14.0
37.0
4.0
64.0
31.0
18.0
54.0
6.0
95.0
32.0
94.0
84.0
51.0
71.0
24.0
32.0
79.0
80.0
2.0
45.0
9.0
24.0
49.0
15.0
85.0
94.0
56.0
37.0
100.0
4.0
89.0
30.0
27.0
68.0
49.0
66.0
46.0
45.0
96.0
77.0
98.0
88.0
77.0
77.0
87.0
33.0
44.0
78.0
24.0
47.0
96.0
69.0
72.0
2.0
39.0
37.0
1.0
97.0
34.0
28.0
21.0
34.0
57.0
78.0
73.0
10.0
78.0
78.0
94.0
75.0
33.0
31.0
68.0
85.0
56.0
58.0
78.0
8.0
67.0
45.0
41.0
46.0
83.0
12.0
13.0
100.0
100.0
35.0
28.0
24.0
32.0
33.0
49.0
14.0
45.0
61.0
63.0
41.0
36.0
71.0
68.0
72.0
78.0
34.0
46.0
15.0
82.0
62.0
11.0
36.0
22.0
76.0
4.0
86.0
42.0
85.0
45.0
99.0
49.0
98.0
22.0
97.0
51.0
92.0
14.0
11.0
35.0
5.0
89.0
19.0
29.0
60.0
61.0
13.0
69.0
31.0
82.0
1.0
34.0
43.0
76.0
85.0
98.0
21.0
71.0
16.0
30.0
18.0
88.0
50.0
28.0
43.0
21.0
40.0
93.0
99.0
66.0
19.0
30.0
85.0
71.0
12.0
73.0
74.0
15.0
3.0
89.0
89.0
94.0
34.0
75.0
64.0
83.0
34.0
16.0
16.0
54.0
94.0
83.0
84.0
26.0
94.0
14.0
64.0
10.0
80.0
22.0
10.0
69.0
73.0
54.0
35.0
51.0
31.0
65.0
62.0
33.0
56.0
86.0
60.0
21.0
68.0
52.0
42.0
64.0
35.0
3.0
84.0
61.0
4.0
97.0
73.0
24.0
68.0
94.0
96.0
31.0
49.0
57.0
34.0
21.0
71.0
97.0
81.0
20.0
7.0
57.0
22.0
8.0
59.0
46.0
5.0
76.0
1.0
94.0
76.0
61.0
80.0
74.0
67.0
56.0
61.0
86.0
71.0
10.0
6.0
76.0
87.0
25.0
17.0
9.0
75.0
34.0
21.0
15.0
1.0
75.0
65.0
18.0
96.0
14.0
27.0
28.0
41.0
84.0
59.0
27.0
3.0
33.0
96.0
14.0
93.0
27.0
2.0
56.0
26.0
44.0
40.0
92.0
29.0
28.0
50.0
99.0
58.0
48.0
4.0
60.0
83.0
81.0
92.0
60.0
43.0
30.0
36.0
83.0
12.0
48.0
83.0
8.0
40.0
91.0
15.0
92.0
3.0
16.0
16.0
26.0
72.0
96.0
24.0
3.0
49.0
96.0
76.0
77.0
29.0
35.0
80.0
85.0
33.0
84.0
19.0
75.0
80.0
26.0
33.0
7.0
75.0
72.0
30.0
13.0
55.0
27.0
49.0
7.0
75.0
97.0
97.0
11.0
23.0
12.0
84.0
88.0
74.0
15.0
77.0
22.0
16.0
15.0
34.0
79.0
27.0
36.0
28.0
99.0
44.0
42.0
13.0
51.0
85.0
92.0
13.0
77.0
88.0
66.0
71.0
26.0
44.0
71.0
75.0
31.0
73.0
34.0
69.0
13.0
33.0
72.0
22.0
43.0
73.0
80.0
73.0
71.0
36.0
97.0
30.0
51.0
30.0
21.0
98.0
93.0
54.0
47.0
25.0
17.0
20.0
71.0
28.0
65.0
91.0
47.0
17.0
23.0
9.0
19.0
61.0
24.0
76.0
72.0
39.0
24.0
48.0
26.0
88.0
77.0
8.0
68.0
32.0
63.0
9.0
75.0
51.0
39.0
82.0
77.0
15.0
96.0
61.0
63.0
73.0
70.0
32.0
97.0
8.0
85.0
49.0
22.0
94.0
9.0
69.0
85.0
51.0
53.0
38.0
22.0
2.0
61.0
29.0
93.0
14.0
77.0
17.0
32.0
34.0
49.0
30.0
69.0
93.0
66.0
100.0
3.0
17.0
34.0
14.0
1.0
25.0
65.0
84.0
28.0
75.0
29.0
9.0
91.0
52.0
22.0
1.0
9.0
11.0
99.0
72.0
12.0
73.0
62.0
23.0
46.0
99.0
21.0
87.0
22.0
85.0
4.0
71.0
79.0
16.0
12.0
31.0
72.0
34.0
55.0
42.0
68.0
81.0
97.0
41.0
96.0
32.0
26.0
44.0
15.0
89.0
29.0
72.0
98.0
23.0
19.0
75.0
3.0
53.0
75.0
41.0
75.0
87.0
30.0
58.0
13.0
12.0
75.0
49.0
7.0
75.0
52.0
35.0
5.0
66.0
85.0
16.0
62.0
86.0
69.0
42.0
43.0
73.0
28.0
99.0
51.0
59.0
98.0
85.0
85.0
67.0
17.0
98.0
59.0
4.0
47.0
8.0
25.0
26.0
83.0
25.0
62.0
1.0
46.0
71.0
37.0
37.0
68.0
14.0
27.0
48.0
86.0
82.0
84.0
97.0
61.0
24.0
86.0
72.0
91.0
56.0
60.0
41.0
84.0
31.0
4.0
68.0
93.0
24.0
97.0
59.0
16.0
86.0
30.0
33.0
78.0
43.0
33.0
74.0
21.0
83.0
6.0
85.0
76.0
67.0
79.0
92.0
95.0
5.0
39.0
99.0
26.0
21.0
42.0
85.0
13.0
94.0
28.0
1.0
87.0
15.0
65.0
75.0
93.0
88.0
85.0
69.0
67.0
69.0
65.0
44.0
44.0
6.0
12.0
10.0
65.0
100.0
84.0
44.0
25.0
17.0
3.0
64.0
52.0
72.0
16.0
37.0
24.0
92.0
87.0
73.0
94.0
11.0
4.0
11.0
99.0
88.0
17.0
37.0
35.0
40.0
100.0
90.0
96.0
4.0
70.0
23.0
69.0
71.0
79.0
71.0
87.0
73.0
17.0
76.0
3.0
17.0
81.0
6.0
78.0
66.0
32.0
35.0
51.0
67.0
42.0
63.0
36.0
70.0
5.0
68.0
69.0
62.0
17.0
86.0
93.0
62.0
89.0
69.0
11.0
87.0
11.0
14.0
51.0
75.0
47.0
19.0
99.0
87.0
93.0
30.0
69.0
44.0
30.0
24.0
71.0
46.0
61.0
32.0
94.0
85.0
75.0
8.0
75.0
26.0
87.0
4.0
6.0
82.0
30.0
77.0
84.0
96.0
41.0
1.0
51.0
62.0
19.0
26.0
17.0
75.0
52.0
32.0
100.0
32.0
51.0
64.0
30.0
54.0
65.0
65.0
27.0
33.0
83.0
21.0
77.0
31.0
83.0
86.0
41.0
77.0
8.0
4.0
50.0
24.0
40.0
56.0
23.0
59.0
73.0
54.0
5.0
49.0
21.0
54.0
89.0
54.0
69.0
74.0
92.0
12.0
3.0
56.0
94.0
82.0
62.0
76.0
94.0
95.0
89.0
84.0
26.0
5.0
84.0
11.0
54.0
16.0
89.0
72.0
22.0
40.0
67.0
98.0
32.0
100.0
98.0
11.0
39.0
17.0
89.0
94.0
82.0
47.0
79.0
62.0
27.0
57.0
14.0
33.0
61.0
38.0
64.0
69.0
69.0
69.0
26.0
80.0
93.0
92.0
9.0
76.0
97.0
58.0
87.0
32.0
87.0
41.0
73.0
5.0
98.0
84.0
47.0
100.0
62.0
34.0
32.0
28.0
87.0
44.0
51.0
98.0
37.0
4.0
82.0
96.0
68.0
75.0
78.0
38.0
12.0
72.0
72.0
87.0
29.0
39.0
77.0
15.0
16.0
78.0
45.0
94.0
27.0
44.0
21.0
73.0
78.0
59.0
48.0
62.0
41.0
28.0
24.0
84.0
92.0
64.0
41.0
72.0
50.0
74.0
62.0
55.0
78.0
88.0
21.0
96.0
26.0
21.0
81.0
35.0
84.0
84.0
61.0
42.0
66.0
68.0
23.0
26.0
4.0
87.0
76.0
54.0
41.0
46.0
14.0
74.0
9.0
16.0
87.0
14.0
19.0
75.0
21.0
83.0
50.0
72.0
62.0
29.0
22.0
94.0
33.0
45.0
29.0
35.0
3.0
33.0
23.0
78.0
64.0
88.0
87.0
73.0
3.0
66.0
3.0
77.0
38.0
22.0
47.0
73.0
72.0
89.0
85.0
72.0
64.0
80.0
16.0
33.0
11.0
16.0
34.0
20.0
44.0
55.0
25.0
4.0
98.0
10.0
44.0
69.0
94.0
84.0
27.0
2.0
32.0