65.0
66.0
85.0
84.0
56.0
20.0
24.0
82.0
79.0
75.0
64.0
26.0
36.0
49.0
55.0
79.0
89.0
54.0
52.0
85.0
91.0
73.0
15.0
97.0
7.0
4.0
78.0
32.0
73.0
89.0
39.0
96.0
31.0
93.0
13.0
52.0
84.0
77.0
32.0
75.0
34.0
89.0
71.0
14.0
12.0
73.0
10.0
29.0
43.0
78.0
82.0
20.0
44.0
7.0
13.0
23.0
76.0
61.0
44.0
77.0
62.0
96.0
44.0
20.0
15.0
99.0
75.0
61.0
20.0
26.0
59.0
43.0
54.0
41.0
99.0
3.0
67.0
26.0
80.0
34.0
86.0
24.0
84.0
25.0
5.0
35.0
33.0
65.0
80.0
92.0
67.0
25.0
58.0
77.0
13.0
8.0
64.0
68.0
17.0
51.0
45.0
66.0
89.0
18.0
33.0
31.0
27.0
16.0
16.0
81.0
62.0
3.0
57.0
1.0
71.0
66.0
38.0
98.0
56.0
83.0
87.0
14.0
11.0
70.0
41.0
83.0
28.0
68.0
94.0
99.0
54.0
62.0
43.0
73.0
14.0
2.0
73.0
73.0
38.0
84.0
71.0
72.0
14.0
84.0
41.0
4.0
7.0
77.0
30.0
30.0
41.0
80.0
14.0
35.0
17.0
33.0
61.0
45.0
69.0
81.0
18.0
54.0
44.0
17.0
92.0
16.0
77.0
37.0
8.0
86.0
19.0
90.0
61.0
41.0
95.0
2.0
40.0
97.0
44.0
8.0
44.0
32.0
6.0
30.0
5.0
62.0
63.0
65.0
16.0
38.0
19.0
35.0
85.0
69.0
20.0
78.0
45.0
17.0
78.0
72.0
92.0
15.0
57.0
67.0
27.0
1.0
82.0
64.0
42.0
67.0
2.0
17.0
26.0
44.0
50.0
68.0
22.0
75.0
55.0
16.0
75.0
33.0
63.0
90.0
80.0
81.0
70.0
99.0
11.0
14.0
24.0
86.0
100.0
73.0
98.0
64.0
73.0
53.0
39.0
46.0
18.0
44.0
67.0
65.0
12.0
83.0
45.0
16.0
40.0
23.0
18.0
75.0
86.0
38.0
51.0
12.0
96.0
89.0
16.0
84.0
32.0
15.0
97.0
13.0
9.0
47.0
19.0
64.0
35.0
8.0
22.0
11.0
9.0
26.0
13.0
87.0
28.0
51.0
1.0
41.0
6.0
13.0
11.0
67.0
83.0
50.0
35.0
75.0
44.0
28.0
27.0
75.0
29.0
8.0
46.0
14.0
21.0
76.0
76.0
9.0
27.0
75.0
41.0
82.0
27.0
26.0
83.0
97.0
60.0
19.0
99.0
30.0
71.0
73.0
24.0
73.0
28.0
64.0
33.0
19.0
11.0
5.0
76.0
7.0
77.0
89.0
27.0
56.0
28.0
64.0
42.0
41.0
22.0
77.0
22.0
82.0
81.0
25.0
65.0
15.0
98.0
62.0
57.0
69.0
30.0
47.0
14.0
62.0
72.0
74.0
92.0
73.0
23.0
20.0
66.0
87.0
25.0
87.0
40.0
69.0
54.0
22.0
46.0
97.0
96.0
87.0
22.0
66.0
27.0
94.0
11.0
71.0
50.0
1.0
84.0
12.0
16.0
44.0
28.0
98.0
67.0
81.0
55.0
81.0
37.0
66.0
47.0
17.0
19.0
24.0
60.0
72.0
73.0
71.0
62.0
4.0
87.0
16.0
94.0
4.0
87.0
50.0
27.0
97.0
22.0
62.0
94.0
73.0
3.0
43.0
67.0
70.0
25.0
8.0
92.0
18.0
82.0
3.0
21.0
11.0
96.0
14.0
83.0
69.0
84.0
37.0
22.0
13.0
36.0
67.0
35.0
87.0
26.0
87.0
20.0
41.0
20.0
84.0
12.0
55.0
3.0
96.0
45.0
27.0
63.0
88.0
35.0
4.0
94.0
28.0
89.0
76.0
40.0
72.0
34.0
4.0
89.0
84.0
30.0
36.0
71.0
75.0
79.0
82.0
23.0
67.0
56.0
18.0
12.0
37.0
100.0
11.0
49.0
15.0
61.0
46.0
97.0
92.0
87.0
67.0
23.0
22.0
82.0
66.0
23.0
92.0
17.0
36.0
100.0
29.0
62.0
61.0
6.0
99.0
86.0
44.0
30.0
7.0
22.0
80.0
83.0
16.0
49.0
39.0
24.0
33.0
65.0
30.0
34.0
65.0
34.0
80.0
75.0
8.0
28.0
32.0
30.0
37.0
89.0
97.0
89.0
8.0
20.0
72.0
64.0
54.0
20.0
30.0
76.0
14.0
100.0
29.0
39.0
89.0
59.0
13.0
28.0
66.0
49.0
75.0
12.0
29.0
11.0
47.0
28.0
45.0
41.0
16.0
98.0
61.0
76.0
78.0
83.0
22.0
78.0
56.0
49.0
70.0
43.0
98.0
85.0
82.0
65.0
96.0
35.0
58.0
99.0
30.0
59.0
79.0
26.0
68.0
5.0
21.0
24.0
64.0
57.0
28.0
74.0
1.0
41.0
75.0
14.0
26.0
25.0
59.0
4.0
14.0
83.0
16.0
21.0
54.0
24.0
57.0
21.0
85.0
100.0
1.0
68.0
46.0
84.0
19.0
27.0
89.0
57.0
41.0
48.0
49.0
96.0
4.0
66.0
11.0
85.0
28.0
79.0
39.0
43.0
82.0
80.0
96.0
7.0
1.0
22.0
66.0
48.0
31.0
50.0
13.0
95.0
93.0
34.0
11.0
72.0
44.0
8.0
62.0
59.0
37.0
74.0
45.0
21.0
87.0
15.0
69.0
38.0
73.0
21.0
87.0
82.0
62.0
77.0
33.0
64.0
2.0
76.0
55.0
11.0
2.0
29.0
99.0
54.0
14.0
98.0
26.0
20.0
85.0
33.0
91.0
78.0
17.0
18.0
23.0
2.0
71.0
62.0
48.0
24.0
80.0
88.0
56.0
84.0
17.0
18.0
89.0
18.0
19.0
66.0
75.0
92.0
4.0
22.0
81.0
48.0
96.0
13.0
76.0
77.0
6.0
96.0
66.0
11.0
30.0
69.0
29.0
23.0
25.0
75.0
66.0
41.0
99.0
11.0
77.0
71.0
14.0
40.0
39.0
66.0
21.0
27.0
1.0
77.0
4.0
39.0
9.0
62.0
62.0
88.0
61.0
100.0
51.0
61.0
99.0
75.0
62.0
32.0
14.0
15.0
98.0
39.0
63.0
20.0
92.0
86.0
33.0
50.0
64.0
93.0
44.0
84.0
79.0
47.0
13.0
24.0
16.0
14.0
75.0
20.0
19.0
97.0
29.0
32.0
75.0
12.0
11.0
83.0
6.0
49.0
82.0
47.0
77.0
47.0
99.0
19.0
1.0
59.0
86.0
39.0
26.0
50.0
39.0
71.0
76.0
78.0
38.0
73.0
83.0
77.0
97.0
88.0
76.0
63.0
88.0
60.0
37.0
91.0
42.0
51.0
22.0
1.0
39.0
80.0
29.0
72.0
100.0
12.0
51.0
11.0
92.0
5.0
3.0
89.0
90.0
11.0
23.0
59.0
39.0
49.0
69.0
76.0
73.0
39.0
40.0
28.0
41.0
98.0
85.0
30.0
76.0
67.0
73.0
6.0
30.0
73.0
68.0
83.0
3.0
4.0
36.0
86.0
17.0
71.0
28.0
34.0
90.0
95.0
68.0
68.0
41.0
85.0
13.0
24.0
66.0
59.0
7.0
34.0
5.0
1.0
81.0
85.0
68.0
80.0
73.0
68.0
86.0
87.0
14.0
77.0
4.0
9.0
39.0
22.0
69.0
73.0
45.0
47.0
1.0
89.0
77.0
77.0
54.0
35.0
10.0
33.0
66.0
14.0
91.0
71.0
32.0
60.0
48.0
83.0
11.0
41.0
65.0
55.0
27.0
97.0
26.0
13.0
71.0
92.0
98.0
39.0
80.0
68.0
18.0
89.0
11.0
46.0
75.0
49.0
23.0
30.0
89.0
62.0
2.0
59.0
15.0
88.0
34.0
25.0
13.0
98.0
72.0
37.0
49.0
72.0
86.0
5.0
79.0
58.0
68.0
96.0
78.0
56.0
98.0
42.0
23.0
30.0
45.0
30.0
42.0
21.0
29.0
81.0
25.0
21.0
2.0
30.0
65.0
92.0
82.0
30.0
89.0
17.0
94.0
68.0
65.0
69.0
5.0
30.0
4.0
64.0
86.0
75.0
77.0
27.0
66.0
97.0
97.0
14.0
73.0
4.0
89.0
91.0
17.0
9.0
81.0
28.0
1.0
65.0
23.0
76.0
5.0
27.0
83.0
4.0
42.0
64.0
11.0
53.0
68.0
24.0
99.0
96.0
13.0
56.0
87.0
8.0
89.0
44.0
11.0
63.0
81.0
31.0
28.0
77.0
7.0
21.0
99.0
66.0
28.0
72.0
75.0
34.0
4.0
68.0
78.0
68.0
49.0
51.0
59.0
23.0
45.0
6.0
80.0
11.0
97.0
63.0
72.0
88.0
9.0
3.0
99.0
77.0
73.0
77.0
7.0
44.0
76.0
17.0
57.0
35.0
82.0
81.0
16.0
54.0
52.0
56.0
28.0
41.0
35.0
87.0
43.0
62.0
24.0
23.0
82.0
73.0
19.0
7.0
5.0
89.0
99.0
89.0
77.0
66.0
99.0
77.0
64.0
1.0
42.0
98.0
24.0
19.0
19.0
64.0
30.0
4.0
66.0
56.0
81.0
12.0
80.0
11.0
9.0
98.0
68.0
19.0
90.0
44.0
87.0
50.0
36.0
82.0
87.0
9.0
99.0
68.0
1.0
49.0
16.0
90.0
72.0
21.0
62.0
25.0
32.0
45.0
85.0
89.0
12.0
33.0
53.0
92.0
28.0
37.0
87.0
62.0
28.0
70.0
83.0
84.0
39.0
26.0
34.0
73.0
21.0
93.0
60.0
13.0
79.0
56.0
26.0
68.0
98.0
78.0
37.0
63.0
89.0
64.0
85.0
98.0
71.0
72.0
58.0
57.0
79.0
6.0
91.0
75.0
15.0
32.0
63.0
40.0
16.0
12.0
44.0
97.0
89.0
67.0
76.0
23.0
100.0
23.0
31.0
7.0
21.0
5.0
30.0
83.0
68.0
85.0
51.0
34.0
44.0
20.0
85.0
85.0
48.0
45.0
14.0
56.0
13.0
11.0
83.0
3.0
42.0
41.0
19.0
46.0
59.0
41.0
73.0
19.0
62.0
90.0
26.0
58.0
75.0
70.0
86.0
57.0
8.0
66.0
88.0
59.0
24.0
60.0
28.0
100.0
49.0
59.0
40.0
94.0
54.0
26.0
41.0
24.0
27.0
62.0
23.0
99.0
89.0
59.0
42.0
49.0
65.0
73.0
97.0
97.0
62.0
98.0
9.0
63.0
33.0
68.0
77.0
97.0
86.0
80.0
85.0
88.0
25.0
90.0
51.0
11.0
93.0
22.0
2.0