94.0
50.0
76.0
37.0
16.0
24.0
80.0
66.0
84.0
69.0
24.0
78.0
22.0
84.0
55.0
11.0
21.0
85.0
41.0
61.0
92.0
6.0
57.0
31.0
40.0
3.0
92.0
28.0
5.0
80.0
13.0
73.0
42.0
4.0
96.0
21.0
69.0
51.0
22.0
40.0
96.0
25.0
8.0
8.0
65.0
51.0
47.0
16.0
20.0
63.0
86.0
69.0
55.0
62.0
62.0
14.0
76.0
73.0
9.0
1.0
57.0
19.0
33.0
28.0
74.0
30.0
19.0
78.0
41.0
73.0
26.0
97.0
16.0
1.0
83.0
49.0
8.0
68.0
16.0
50.0
96.0
67.0
45.0
71.0
15.0
16.0
86.0
89.0
55.0
48.0
61.0
30.0
25.0
26.0
21.0
84.0
68.0
62.0
70.0
51.0
19.0
40.0
31.0
18.0
76.0
79.0
39.0
99.0
5.0
26.0
31.0
62.0
17.0
95.0
89.0
3.0
67.0
39.0
54.0
96.0
34.0
48.0
97.0
22.0
25.0
22.0
50.0
27.0
56.0
35.0
74.0
23.0
15.0
67.0
48.0
40.0
72.0
35.0
34.0
96.0
9.0
64.0
27.0
44.0
44.0
11.0
44.0
26.0
35.0
24.0
82.0
75.0
57.0
13.0
81.0
89.0
24.0
94.0
50.0
20.0
67.0
36.0
43.0
72.0
71.0
65.0
11.0
75.0
99.0
86.0
32.0
54.0
47.0
64.0
57.0
64.0
4.0
16.0
36.0
100.0
78.0
43.0
5.0
31.0
72.0
21.0
39.0
40.0
87.0
83.0
59.0
15.0
40.0
71.0
90.0
15.0
12.0
91.0
13.0
44.0
65.0
34.0
19.0
20.0
41.0
93.0
22.0
87.0
62.0
68.0
18.0
6.0
61.0
77.0
89.0
47.0
75.0
51.0
3.0
49.0
98.0
57.0
1.0
45.0
14.0
62.0
86.0
25.0
62.0
78.0
52.0
97.0
80.0
69.0
62.0
19.0
85.0
17.0
76.0
22.0
8.0
78.0
37.0
29.0
79.0
84.0
77.0
21.0
43.0
84.0
75.0
54.0
20.0
35.0
61.0
67.0
16.0
54.0
41.0
27.0
42.0
56.0
55.0
16.0
99.0
55.0
69.0
89.0
15.0
20.0
5.0
65.0
88.0
75.0
73.0
94.0
99.0
21.0
14.0
23.0
3.0
36.0
27.0
26.0
87.0
25.0
77.0
31.0
48.0
1.0
82.0
18.0
74.0
13.0
60.0
67.0
71.0
56.0
33.0
92.0
3.0
4.0
13.0
69.0
28.0
67.0
76.0
77.0
5.0
65.0
16.0
77.0
89.0
87.0
36.0
99.0
65.0
32.0
14.0
16.0
10.0
57.0
90.0
88.0
62.0
69.0
59.0
92.0
74.0
16.0
17.0
28.0
25.0
72.0
47.0
66.0
99.0
79.0
87.0
78.0
51.0
61.0
1.0
73.0
26.0
4.0
93.0
62.0
40.0
36.0
29.0
19.0
84.0
72.0
39.0
65.0
92.0
56.0
68.0
36.0
23.0
14.0
28.0
18.0
51.0
20.0
30.0
21.0
17.0
30.0
4.0
39.0
15.0
78.0
31.0
89.0
4.0
13.0
30.0
71.0
32.0
39.0
41.0
30.0
27.0
71.0
59.0
4.0
89.0
70.0
77.0
9.0
55.0
72.0
71.0
10.0
59.0
82.0
98.0
38.0
69.0
91.0
68.0
94.0
96.0
86.0
100.0
79.0
66.0
24.0
21.0
70.0
86.0
9.0
27.0
42.0
92.0
21.0
96.0
45.0
56.0
74.0
97.0
41.0
69.0
78.0
42.0
89.0
8.0
61.0
83.0
42.0
37.0
17.0
71.0
38.0
14.0
82.0
95.0
65.0
83.0
99.0
49.0
17.0
27.0
69.0
30.0
88.0
83.0
76.0
3.0
17.0
53.0
26.0
49.0
81.0
59.0
42.0
64.0
69.0
64.0
48.0
48.0
49.0
78.0
21.0
35.0
58.0
20.0
35.0
37.0
66.0
92.0
90.0
7.0
14.0
12.0
55.0
65.0
69.0
67.0
73.0
8.0
77.0
78.0
49.0
26.0
28.0
9.0
12.0
66.0
24.0
61.0
62.0
89.0
75.0
9.0
69.0
44.0
75.0
68.0
66.0
71.0
73.0
14.0
50.0
62.0
35.0
82.0
4.0
53.0
77.0
67.0
62.0
93.0
59.0
32.0
76.0
31.0
85.0
28.0
21.0
68.0
32.0
46.0
7.0
51.0
68.0
82.0
73.0
57.0
27.0
14.0
4.0
92.0
67.0
92.0
27.0
73.0
83.0
50.0
32.0
29.0
91.0
42.0
84.0
80.0
96.0
80.0
1.0
6.0
46.0
84.0
49.0
16.0
6.0
78.0
67.0
75.0
45.0
6.0
30.0
71.0
13.0
81.0
69.0
21.0
43.0
50.0
38.0
73.0
33.0
77.0
24.0
100.0
64.0
70.0
62.0
37.0
50.0
86.0
46.0
75.0
41.0
99.0
19.0
20.0
98.0
75.0
27.0
54.0
62.0
64.0
66.0
83.0
80.0
36.0
61.0
85.0
32.0
47.0
29.0
34.0
28.0
83.0
75.0
69.0
35.0
46.0
12.0
27.0
32.0
65.0
1.0
97.0
69.0
39.0
38.0
53.0
57.0
36.0
23.0
71.0
79.0
69.0
31.0
51.0
12.0
62.0
77.0
34.0
73.0
94.0
40.0
47.0
76.0
17.0
81.0
73.0
92.0
82.0
96.0
1.0
99.0
42.0
98.0
78.0
85.0
89.0
47.0
1.0
4.0
44.0
26.0
78.0
1.0
80.0
17.0
97.0
66.0
62.0
28.0
80.0
60.0
62.0
47.0
82.0
22.0
27.0
73.0
67.0
64.0
83.0
27.0
4.0
76.0
30.0
71.0
51.0
85.0
77.0
64.0
47.0
77.0
97.0
54.0
10.0
11.0
73.0
49.0
3.0
55.0
54.0
21.0
30.0
92.0
32.0
77.0
89.0
84.0
62.0
67.0
99.0
99.0
7.0
81.0
18.0
41.0
15.0
89.0
33.0
45.0
43.0
46.0
27.0
85.0
37.0
75.0
55.0
81.0
57.0
45.0
56.0
1.0
42.0
41.0
2.0
60.0
77.0
75.0
12.0
25.0
44.0
46.0
85.0
76.0
59.0
77.0
25.0
52.0
100.0
92.0
51.0
36.0
1.0
44.0
61.0
49.0
2.0
29.0
26.0
13.0
39.0
58.0
64.0
51.0
77.0
48.0
96.0
43.0
39.0
44.0
86.0
22.0
49.0
45.0
77.0
89.0
20.0
76.0
76.0
45.0
78.0
4.0
83.0
96.0
93.0
72.0
59.0
23.0
100.0
20.0
27.0
62.0
99.0
51.0
72.0
63.0
72.0
88.0
62.0
86.0
97.0
69.0
45.0
8.0
4.0
74.0
78.0
20.0
24.0
86.0
90.0
17.0
91.0
91.0
29.0
84.0
99.0
78.0
97.0
78.0
18.0
60.0
86.0
12.0
13.0
89.0
27.0
74.0
35.0
9.0
79.0
27.0
26.0
64.0
78.0
17.0
61.0
86.0
74.0
33.0
98.0
91.0
4.0
37.0
31.0
65.0
81.0
41.0
96.0
82.0
98.0
21.0
98.0
76.0
64.0
39.0
81.0
41.0
27.0
23.0
3.0
15.0
77.0
58.0
86.0
69.0
95.0
53.0
20.0
73.0
78.0
56.0
3.0
97.0
99.0
5.0
62.0
64.0
34.0
13.0
45.0
59.0
96.0
88.0
12.0
93.0
87.0
71.0
87.0
23.0
76.0
50.0
46.0
8.0
92.0
64.0
17.0
3.0
24.0
42.0
4.0
96.0
78.0
96.0
62.0
83.0
47.0
77.0
99.0
76.0
80.0
98.0
38.0
49.0
22.0
3.0
36.0
61.0
1.0
45.0
68.0
86.0
32.0
68.0
14.0
50.0
99.0
68.0
17.0
73.0
89.0
37.0
53.0
93.0
8.0
61.0
33.0
57.0
71.0
77.0
69.0
25.0
93.0
3.0
44.0
76.0
77.0
17.0
98.0
35.0
7.0
78.0
5.0
5.0
28.0
49.0
61.0
5.0
44.0
66.0
22.0
85.0
47.0
85.0
3.0
22.0
23.0
73.0
75.0
68.0
4.0
64.0
25.0
54.0
28.0
72.0
89.0
74.0
44.0
76.0
64.0
26.0
18.0
32.0
55.0
3.0
21.0
86.0
4.0
69.0
11.0
14.0
49.0
16.0
100.0
64.0
74.0
66.0
99.0
54.0
32.0
69.0
86.0
86.0
50.0
3.0
83.0
87.0