56
84
30
61
32
86
14
23
51
60
60
49
49
27
20
91
46
12
40
68
63
13
62
34
16
14
77
5
72
35
86
60
89
66
77
67
77
61
7
47
86
99
39
98
67
27
44
89
71
82
3
34
21
30
46
24
7
87
64
2
31
75
77
84
44
87
22
70
9
77
14
79
13
37
69
44
82
69
12
23
69
99
96
44
42
77
72
43
94
19
22
92
71
56
100
90
72
33
33
31
51
68
5
92
19
26
74
93
88
82
44
3
21
86
8
78
7
50
3
42
67
55
9
71
32
72
89
83
29
23
77
81
15
24
28
74
29
76
99
86
22
61
38
100
89
41
71
13
38
23
58
6
19
69
17
77
30
5
21
24
28
39
14
81
64
32
97
67
66
36
89
98
20
93
68
29
24
46
52
66
60
48
45
77
32
90
31
51
68
85
25
73
41
65
47
4
27
77
19
19
12
13
70
31
48
98
53
100
30
71
6
73
7
16
22
77
76
78
77
99
50
65
62
93
74
14
21
50
44
20
41
41
97
49
26
82
33
89
7
20
93
78
72
92
61
98
83
51
29
39
87
24
69
18
96
4
6
46
75
3
51
44
24
77
91
35
89
92
75
58
64
54
72
12
29
55
36
47
73
10
98
89
51
45
99
57
25
97
85
95
43
11
10
71
45
69
16
69
16
87
54
75
81
42
62
99
97
32
99
76
25
80
68
66
83
2
64
71
98
11
98
77
12
1
72
47
26
47
72
67
81
94
20
16
14
81
14
27
94
49
26
8
27
68
52
79
77
36
4
83
8
62
94
100
22
32
80
1
86
14
73
12
57
40
81
1
77
57
17
30
41
21
3
89
15
26
68
13
75
60
26
31
61
32
83
71
30
73
13
72
23
43
100
54
11
40
70
61
67
39
53
64
19
30
64
77
95
28
21
71
31
11
44
64
16
17
89
94
13
22
69
5
25
84
72
49
89
62
5
23
78
26
11
83
86
28
68
1
82
55
1
62
73
78
12
64
14
28
72
66
33
50
86
23
99
76
20
49
13
75
45
11
85
62
58
2
27
78
11
88
82
85
96
41
78
23
40
83
66
57
12
66
49
84
1
60
35
64
87
33
71
85
21
72
99
97
91
65
76
27