19.0
14.0
50.0
87.0
15.0
56.0
7.0
73.0
64.0
69.0
8.0
58.0
22.0
72.0
99.0
84.0
35.0
14.0
99.0
72.0
73.0
62.0
64.0
17.0
78.0
46.0
40.0
14.0
46.0
69.0
41.0
49.0
41.0
37.0
93.0
94.0
39.0
63.0
6.0
68.0
9.0
65.0
77.0
39.0
43.0
13.0
13.0
46.0
89.0
95.0
30.0
82.0
44.0
1.0
79.0
49.0
29.0
87.0
51.0
87.0
35.0
79.0
61.0
48.0
95.0
40.0
41.0
66.0
4.0
45.0
69.0
37.0
21.0
38.0
77.0
77.0
98.0
78.0
57.0
15.0
23.0
30.0
76.0
68.0
23.0
72.0
42.0
28.0
67.0
45.0
81.0
91.0
96.0
45.0
78.0
98.0
68.0
8.0
20.0
15.0
41.0
17.0
11.0
32.0
39.0
36.0
75.0
82.0
68.0
96.0
77.0
97.0
97.0
75.0
61.0
87.0
86.0
85.0
99.0
62.0
28.0
97.0
6.0
89.0
40.0
58.0
87.0
81.0
18.0
15.0
95.0
82.0
12.0
55.0
27.0
41.0
31.0
34.0
47.0
88.0
71.0
19.0
14.0
62.0
79.0
63.0
75.0
73.0
64.0
23.0
98.0
83.0
50.0
11.0
12.0
36.0
17.0
13.0
58.0
77.0
75.0
24.0
40.0
31.0
47.0
58.0
53.0
100.0
18.0
48.0
95.0
4.0
12.0
30.0
42.0
97.0
78.0
76.0
59.0
10.0
82.0
66.0
72.0
42.0
65.0
63.0
15.0
32.0
96.0
24.0
97.0
48.0
92.0
11.0
71.0
23.0
78.0
51.0
76.0
27.0
62.0
86.0
93.0
52.0
99.0
88.0
93.0
56.0
83.0
64.0
91.0
73.0
12.0
21.0
17.0
60.0
42.0
89.0
15.0
28.0
68.0
12.0
4.0
89.0
45.0
31.0
100.0
40.0
3.0
56.0
98.0
5.0
61.0
73.0
51.0
1.0
35.0
82.0
49.0
62.0
61.0
69.0
8.0
72.0
68.0
51.0
82.0
11.0
32.0
30.0
16.0
99.0
72.0
3.0
21.0
9.0
75.0
84.0
92.0
21.0
39.0
19.0
97.0
45.0
97.0
78.0
81.0
7.0
84.0
18.0
74.0
45.0
96.0
78.0
32.0
43.0
36.0
3.0
3.0
27.0
40.0
78.0
76.0
20.0
69.0
85.0
11.0
49.0
51.0
66.0
85.0
16.0
19.0
68.0
33.0
16.0
64.0
42.0
100.0
11.0
14.0
5.0
87.0
98.0
98.0
39.0
40.0
1.0
44.0
20.0
97.0
79.0
11.0
65.0
87.0
64.0
44.0
78.0
82.0
94.0
14.0
72.0
36.0
73.0
1.0
32.0
78.0
93.0
1.0
60.0
19.0
75.0
26.0
6.0
61.0
61.0
82.0
29.0
22.0
36.0
2.0
27.0
28.0
91.0
2.0
77.0
28.0
90.0
59.0
57.0
73.0
50.0
7.0
45.0
86.0
100.0
20.0
23.0
11.0
62.0
56.0
16.0
54.0
49.0
68.0
44.0
22.0
75.0
100.0
20.0
8.0
44.0
27.0
21.0
41.0
53.0
32.0
9.0
21.0
67.0
90.0
5.0
18.0
56.0
39.0
96.0
13.0
30.0
61.0
89.0
96.0
82.0
26.0
25.0
55.0
75.0
72.0
69.0
64.0
81.0
69.0
87.0
31.0
13.0
69.0
35.0
73.0
24.0
62.0
37.0
91.0
11.0
22.0
90.0
24.0
86.0
18.0
100.0
75.0
55.0
31.0
14.0
71.0
98.0
69.0
15.0
18.0
51.0
76.0
77.0
1.0
30.0
34.0
17.0
34.0
30.0
40.0
4.0
81.0
96.0
77.0
81.0
36.0
16.0
17.0
89.0
65.0
75.0
4.0
71.0
3.0
96.0
10.0
67.0
27.0
15.0
75.0
13.0
64.0
27.0
74.0
10.0
91.0
61.0
44.0
25.0
99.0
73.0
90.0
67.0
22.0
55.0
44.0
41.0
4.0
75.0
42.0
93.0
47.0
27.0
65.0
27.0
36.0
5.0
11.0
46.0
40.0
28.0
87.0
27.0
61.0
76.0
54.0
11.0
84.0
14.0
69.0
68.0
76.0
70.0
71.0
78.0
100.0
97.0
49.0
64.0
28.0
2.0
74.0
38.0
33.0
34.0
13.0
88.0
24.0
47.0
57.0
74.0
22.0
90.0
30.0
83.0
5.0
51.0
3.0
96.0
82.0
9.0
65.0
51.0
64.0
92.0
32.0
79.0
61.0
97.0
87.0
44.0
46.0
13.0
80.0
11.0
55.0
78.0
85.0
92.0
64.0
76.0
26.0
65.0
17.0
92.0
81.0
86.0
58.0
67.0
81.0
43.0
29.0
82.0
36.0
26.0
59.0
4.0
78.0
71.0
28.0
34.0
21.0
61.0
93.0
12.0
20.0
56.0
86.0
3.0
58.0
62.0
27.0
34.0
92.0
22.0
28.0
32.0
53.0
86.0
17.0
64.0
75.0
14.0
12.0
32.0
79.0
13.0
12.0
17.0
69.0
5.0
77.0
12.0
44.0
72.0
71.0
16.0
29.0
33.0
26.0
28.0
77.0
47.0
76.0
3.0
72.0
13.0
99.0
54.0
11.0
17.0
83.0
15.0
73.0
83.0
39.0
6.0
51.0
27.0
50.0
72.0
24.0
97.0
97.0
27.0
17.0
61.0
20.0
12.0
59.0
14.0
19.0
67.0
12.0
77.0
30.0
4.0
1.0
64.0
46.0
85.0
98.0
21.0
39.0
17.0
33.0
73.0
75.0
15.0
40.0
34.0
39.0
21.0
45.0
57.0
80.0
77.0
30.0
22.0
28.0
56.0
45.0
83.0
30.0
79.0
17.0
18.0
17.0
36.0
30.0
38.0
43.0
39.0
27.0
82.0
11.0
96.0
69.0
36.0
75.0
51.0
71.0
61.0
100.0
78.0
47.0
87.0
37.0
32.0
28.0
53.0
51.0
51.0
31.0
100.0
70.0
6.0
47.0
84.0
78.0
32.0
19.0
6.0
12.0
64.0
16.0
76.0
47.0
32.0
82.0
28.0
16.0
48.0
84.0
46.0
35.0
78.0
55.0
7.0
21.0
82.0
85.0
80.0
62.0
77.0
13.0
71.0
71.0
34.0
19.0
36.0
87.0
49.0
64.0
28.0
73.0
66.0
73.0
89.0
66.0
19.0
5.0
62.0
46.0
25.0
56.0
91.0
24.0
12.0
30.0
64.0
75.0
70.0
77.0
5.0
36.0
67.0
19.0
45.0
41.0
3.0
98.0
77.0
62.0
4.0
26.0
52.0
1.0
65.0
30.0
12.0
92.0
60.0
11.0
73.0
84.0
56.0
24.0
50.0
30.0
9.0
48.0
77.0
68.0
40.0
25.0
59.0
72.0
92.0
1.0
4.0
83.0
85.0
13.0
54.0
13.0
83.0
66.0
25.0
81.0
48.0
32.0
72.0
85.0
21.0
2.0
68.0
32.0
11.0
27.0
71.0
97.0
89.0
79.0
44.0
7.0
89.0
14.0
43.0
36.0
84.0
71.0
3.0
28.0
94.0
41.0
17.0
76.0
62.0
99.0
91.0
65.0
20.0
80.0
99.0
14.0
99.0
31.0
39.0
76.0
13.0
8.0
90.0
25.0
67.0
37.0
76.0
38.0
60.0
97.0
87.0
13.0
99.0
14.0
98.0
77.0
13.0
34.0
99.0
23.0
43.0
22.0
36.0
29.0
75.0
99.0
62.0
23.0
90.0
38.0
42.0
61.0
21.0
87.0
75.0
4.0
4.0
77.0
62.0
16.0
82.0
2.0
20.0
16.0
14.0
14.0
49.0
56.0
90.0
23.0
72.0
76.0
89.0
79.0
69.0
27.0
30.0
35.0
73.0
51.0
40.0
89.0
4.0
47.0
13.0
74.0
64.0
29.0
8.0
51.0
42.0
56.0
42.0
98.0
84.0
75.0
56.0
83.0
62.0
97.0
44.0
5.0
97.0
61.0
50.0
6.0
4.0
83.0
85.0
86.0
77.0
2.0
15.0
74.0
44.0
26.0
31.0
81.0
13.0
70.0
49.0
59.0
86.0
19.0
98.0
64.0
77.0
40.0
96.0
16.0
72.0
16.0
57.0
77.0
65.0
60.0
78.0
77.0
72.0
20.0
72.0
70.0
87.0
22.0
100.0
85.0
82.0
49.0
52.0
100.0
39.0
14.0
60.0
68.0
2.0
7.0
14.0
64.0
85.0
61.0
56.0
44.0
87.0
13.0
77.0
82.0
64.0
83.0
62.0
46.0
75.0
49.0
82.0
85.0
28.0
78.0
90.0
67.0
83.0
9.0
95.0
77.0
79.0
29.0
40.0
15.0
77.0
13.0
13.0
61.0
12.0
85.0
39.0
100.0
21.0
11.0
62.0
75.0
98.0
89.0
16.0
34.0
98.0
73.0
13.0
100.0
14.0
18.0
88.0
9.0
82.0
19.0
63.0
90.0
58.0
96.0
30.0
26.0
89.0
82.0
45.0
30.0
90.0
59.0
35.0
100.0
24.0
85.0
34.0
41.0
64.0
14.0
12.0
78.0
64.0
98.0
74.0
18.0
36.0
73.0
4.0
61.0
75.0
97.0
41.0
40.0
70.0
77.0
75.0
78.0
81.0
11.0
23.0
46.0
87.0
72.0
61.0
30.0
27.0
71.0
41.0
39.0
22.0
20.0
81.0
42.0
19.0
9.0
22.0
35.0
27.0
19.0
62.0
85.0
58.0
40.0
71.0
47.0
77.0
71.0
79.0
30.0
35.0
30.0
99.0
91.0
96.0
27.0
90.0
50.0
13.0
6.0
98.0
36.0
30.0
68.0
87.0
99.0
12.0
16.0
17.0
43.0
12.0
78.0
47.0
5.0
49.0
92.0
50.0
13.0
30.0
81.0
14.0
55.0
95.0
35.0
27.0
3.0
7.0
84.0
88.0
14.0
7.0
16.0
68.0
48.0
14.0
39.0
59.0
13.0
61.0
33.0
78.0
51.0
54.0
37.0
14.0
51.0
39.0
97.0
88.0
92.0
61.0
75.0
11.0
15.0
82.0
47.0
14.0
14.0
99.0
79.0
12.0
83.0
96.0
11.0
22.0
89.0
61.0
45.0
8.0
98.0
54.0
49.0
46.0
41.0
28.0
77.0
97.0
20.0
83.0
70.0
55.0
27.0
76.0
89.0
63.0
77.0
30.0
40.0
80.0
89.0
7.0
32.0
74.0
22.0
62.0
30.0
47.0
84.0
6.0
47.0
75.0
61.0
34.0
91.0
37.0
26.0
7.0
35.0
7.0
96.0
4.0
11.0
41.0
63.0
3.0
46.0
66.0
9.0
13.0
97.0
53.0
5.0
98.0
75.0
46.0
34.0
19.0
62.0
28.0
93.0
51.0