25.0
7.0
52.0
3.0
11.0
26.0
28.0
98.0
99.0
36.0
70.0
87.0
91.0
45.0
89.0
89.0
87.0
83.0
18.0
81.0
13.0
24.0
88.0
67.0
15.0
45.0
33.0
77.0
58.0
17.0
18.0
64.0
69.0
57.0
28.0
86.0
4.0
53.0
20.0
72.0
87.0
39.0
67.0
25.0
27.0
24.0
71.0
68.0
23.0
12.0
86.0
49.0
43.0
72.0
15.0
28.0
62.0
61.0
27.0
49.0
92.0
75.0
33.0
6.0
62.0
71.0
5.0
75.0
59.0
16.0
3.0
27.0
28.0
16.0
23.0
57.0
85.0
92.0
42.0
44.0
40.0
18.0
94.0
6.0
68.0
87.0
87.0
32.0
77.0
95.0
91.0
33.0
56.0
64.0
92.0
73.0
30.0
82.0
77.0
72.0
43.0
45.0
81.0
25.0
53.0
5.0
30.0
22.0
87.0
21.0
80.0
25.0
20.0
68.0
81.0
81.0
34.0
40.0
24.0
23.0
45.0
56.0
94.0
7.0
30.0
77.0
69.0
19.0
21.0
93.0
98.0
43.0
21.0
48.0
28.0
50.0
67.0
54.0
100.0
79.0
96.0
22.0
37.0
72.0
69.0
12.0
96.0
94.0
47.0
5.0
30.0
32.0
89.0
94.0
39.0
50.0
49.0
53.0
30.0
67.0
33.0
45.0
41.0
45.0
78.0
17.0
60.0
73.0
17.0
32.0
63.0
39.0
83.0
58.0
84.0
22.0
46.0
61.0
84.0
86.0
73.0
20.0
62.0
18.0
89.0
69.0
72.0
56.0
65.0
3.0
14.0
41.0
100.0
26.0
67.0
38.0
14.0
25.0
25.0
61.0
20.0
49.0
75.0
31.0
81.0
88.0
94.0
69.0
97.0
68.0
6.0
68.0
17.0
4.0
71.0
51.0
7.0
74.0
23.0
57.0
27.0
69.0
96.0
23.0
47.0
20.0
35.0
73.0
80.0
61.0
52.0
100.0
33.0
47.0
67.0
36.0
12.0
75.0
20.0
64.0
100.0
73.0
44.0
11.0
87.0
20.0
98.0
22.0
68.0
94.0
59.0
75.0
71.0
86.0
75.0
12.0
99.0
61.0
78.0
61.0
72.0
87.0
71.0
76.0
75.0
62.0
93.0
4.0
64.0
31.0
96.0
85.0
77.0
22.0
86.0
8.0
1.0
21.0
39.0
91.0
72.0
39.0
26.0
89.0
53.0
85.0
80.0
62.0
28.0
84.0
9.0
39.0
84.0
91.0
5.0
21.0
16.0
3.0
83.0
70.0
4.0
80.0
55.0
57.0
65.0
18.0
90.0
25.0
91.0
62.0
84.0
17.0
68.0
9.0
16.0
59.0
10.0
39.0
12.0
47.0
72.0
16.0
53.0
27.0
75.0
64.0
38.0
39.0
33.0
79.0
62.0
45.0
9.0
41.0
94.0
10.0
71.0
72.0
43.0
98.0
79.0
83.0
41.0
56.0
33.0
96.0
12.0
10.0
33.0
20.0
40.0
65.0
66.0
44.0
62.0
33.0
6.0
22.0
44.0
99.0
62.0
64.0
58.0
34.0
3.0
7.0
43.0
95.0
35.0
1.0
66.0
70.0
21.0
41.0
24.0
61.0
42.0
78.0
1.0
71.0
66.0
14.0
68.0
1.0
2.0
77.0
67.0
83.0
41.0
24.0
62.0
4.0
97.0
23.0
47.0
35.0
14.0
100.0
41.0
77.0
68.0
67.0
85.0
83.0
16.0
51.0
48.0
96.0
66.0
95.0
72.0
79.0
35.0
83.0
88.0
53.0
21.0
64.0
22.0
83.0
45.0
16.0
14.0
69.0
32.0
60.0
39.0
44.0
78.0
75.0
25.0
48.0
62.0
4.0
31.0
12.0
51.0
12.0
43.0
64.0
78.0
86.0
42.0
45.0
63.0
76.0
46.0
9.0
60.0
34.0
99.0
89.0
1.0
95.0
14.0
16.0
74.0
64.0
82.0
9.0
61.0
8.0
12.0
22.0
28.0
41.0
87.0
48.0
10.0
28.0
76.0
34.0
75.0
74.0
97.0
41.0
45.0
57.0
61.0
71.0
64.0
14.0
44.0
34.0
21.0
25.0
12.0
62.0
50.0
44.0
88.0
53.0
13.0
24.0
75.0
79.0
98.0
17.0
6.0
39.0
73.0
21.0
70.0
84.0
16.0
53.0
13.0
100.0
7.0
12.0
3.0
38.0
84.0
33.0
84.0
82.0
70.0
16.0
73.0
96.0
67.0
83.0
89.0
32.0
32.0
88.0
36.0
65.0
59.0
72.0
75.0
64.0
21.0
94.0
37.0
85.0
5.0
25.0
67.0
53.0
99.0
56.0
49.0
87.0
34.0
62.0
76.0
69.0
27.0
94.0
87.0
76.0
20.0
44.0
45.0
13.0
13.0
59.0
78.0
65.0
73.0
61.0
5.0
66.0
55.0
59.0
10.0
26.0
20.0
54.0
62.0
30.0
77.0
14.0
21.0
30.0
30.0
22.0
82.0
75.0
67.0
15.0
42.0
32.0
73.0
73.0
80.0
32.0
45.0
75.0
60.0
60.0
47.0
34.0
44.0
24.0
18.0
33.0
97.0
75.0
17.0
41.0
92.0
26.0
92.0
60.0
83.0
30.0
73.0
49.0
67.0
62.0
25.0
54.0
66.0
99.0
35.0
25.0
23.0
97.0
5.0
31.0
84.0
45.0
86.0
27.0
66.0
79.0
38.0
40.0
80.0
73.0
30.0
31.0
35.0
41.0
78.0
5.0
26.0
41.0
59.0
73.0
96.0
28.0
41.0
77.0
62.0
72.0
71.0
94.0
23.0
89.0
73.0
83.0
69.0
2.0
83.0
24.0
62.0
35.0
85.0
65.0
71.0
9.0
26.0
28.0
5.0
77.0
85.0
13.0
50.0
60.0
8.0
23.0
49.0
20.0
100.0
92.0
54.0
90.0
78.0
74.0
75.0
47.0
47.0
30.0
56.0
25.0
97.0
92.0
4.0
9.0
72.0
56.0
81.0
49.0
46.0
22.0
47.0
68.0
3.0
19.0
93.0
66.0
43.0
70.0
41.0
43.0
39.0
66.0
76.0
53.0
67.0
4.0
54.0
33.0
54.0
100.0
62.0
75.0
51.0
37.0
31.0
76.0
28.0
12.0
92.0
69.0
46.0
97.0
11.0
40.0
38.0
18.0
20.0
41.0
43.0
94.0
11.0
32.0
6.0
18.0
77.0
69.0
45.0
12.0
18.0
2.0
49.0
28.0
59.0
85.0
61.0
6.0
16.0
96.0
58.0
35.0
15.0
29.0
28.0
34.0
27.0
36.0
62.0
89.0
63.0
9.0
47.0
11.0
46.0
15.0
78.0
23.0
29.0
40.0
41.0
5.0
60.0
6.0
78.0
97.0
28.0
87.0
78.0
14.0
11.0
80.0
47.0
62.0
71.0
12.0
48.0
80.0
50.0
45.0
70.0
32.0
12.0
64.0
80.0
39.0
72.0
27.0
63.0
19.0
66.0
62.0
34.0
64.0
45.0
61.0
34.0
57.0
8.0
97.0
21.0
71.0
78.0
28.0
62.0
75.0
70.0
19.0
24.0
89.0
96.0
26.0
25.0
57.0
16.0
6.0
68.0
95.0
7.0
21.0
3.0
28.0
21.0
39.0
99.0
79.0
33.0
44.0
73.0
27.0
23.0
72.0
82.0
73.0
26.0
65.0
46.0
31.0
71.0
87.0
88.0
14.0
73.0
19.0
87.0
8.0
99.0
88.0
88.0
99.0
98.0
53.0
83.0
15.0
43.0
14.0
25.0
39.0
61.0
17.0
74.0
87.0
84.0
96.0
73.0
69.0
1.0
49.0
60.0
17.0
10.0
83.0
77.0
73.0
87.0
75.0
76.0
40.0
72.0
17.0
5.0
13.0
68.0
45.0
74.0
37.0
55.0
93.0
88.0
84.0
51.0
63.0
69.0
11.0
74.0
72.0
31.0
33.0
77.0
23.0
50.0
64.0
82.0
3.0
72.0
27.0
3.0
69.0
13.0
65.0
16.0
89.0
29.0
76.0
13.0
12.0
11.0
15.0
25.0
89.0
66.0
54.0
51.0
71.0
99.0
96.0
57.0
42.0
67.0
30.0
49.0
32.0
54.0
100.0
71.0
8.0
45.0
62.0
76.0
75.0
12.0
21.0
62.0
14.0
39.0
89.0
35.0
75.0
23.0
8.0
89.0
66.0
28.0
83.0
76.0
42.0
82.0
30.0
55.0
21.0
13.0
86.0
84.0
73.0
86.0
84.0
91.0
67.0
87.0
14.0
13.0
98.0
8.0
62.0
14.0
43.0
99.0
76.0
82.0
46.0
82.0
31.0
93.0
26.0
76.0
59.0
40.0
4.0
74.0
61.0
29.0
24.0
42.0
6.0
23.0
59.0
18.0
72.0
45.0
37.0
5.0
29.0
37.0
68.0
56.0
19.0
82.0
98.0
65.0
80.0
17.0
92.0
12.0
62.0
74.0
17.0
23.0
11.0
61.0
79.0
19.0
18.0
17.0
14.0
4.0
13.0
62.0
44.0
58.0
64.0
56.0
20.0
14.0
61.0
34.0
36.0
24.0
96.0
6.0
87.0
28.0
82.0
3.0
76.0
39.0
94.0
36.0
78.0
86.0
44.0
91.0
36.0
58.0
23.0
88.0
37.0
90.0
39.0
51.0
62.0
87.0
44.0
56.0
44.0
36.0
15.0
21.0
14.0
12.0
57.0
64.0
7.0
35.0
11.0
37.0
41.0
41.0
96.0
11.0
85.0
23.0
87.0
9.0
78.0
61.0
94.0
85.0
4.0
62.0
77.0
86.0
13.0
30.0
65.0
29.0
4.0
88.0
99.0
49.0
67.0
51.0
80.0
42.0
100.0
3.0
1.0
34.0
42.0
14.0
41.0
20.0
12.0
17.0
100.0
23.0
35.0
94.0
93.0
62.0
15.0
23.0
27.0
95.0
73.0
91.0
85.0
68.0
72.0
94.0
62.0
65.0
98.0
97.0
56.0
68.0
23.0
31.0
44.0
34.0
5.0
42.0
83.0
8.0
36.0
86.0
72.0
82.0
3.0
23.0
22.0
78.0
96.0
27.0
99.0
6.0
58.0
73.0
61.0
72.0
78.0
75.0
47.0
78.0
83.0
31.0
63.0
20.0
6.0
64.0
51.0
31.0
94.0
46.0
62.0
76.0
89.0
57.0
86.0
26.0
4.0
50.0
32.0
52.0
100.0
54.0
13.0
38.0
56.0
94.0
4.0
12.0
14.0
25.0
13.0
15.0
13.0
72.0
28.0
12.0
86.0
35.0
1.0
76.0
16.0
72.0
60.0
46.0
67.0
73.0
68.0
11.0
45.0
5.0
32.0
20.0
66.0
64.0
14.0
18.0
41.0
75.0
28.0
21.0
91.0
71.0
16.0
55.0
69.0
50.0
81.0
49.0
44.0
24.0
35.0
59.0
23.0
19.0
17.0
78.0
5.0
49.0
78.0
75.0
38.0
41.0
60.0
100.0
83.0
33.0
4.0
47.0
79.0
24.0
42.0
79.0
49.0
34.0
56.0
36.0
12.0
59.0
19.0
71.0
68.0
22.0
12.0
60.0
96.0
20.0
94.0
89.0
43.0
25.0
86.0
49.0
22.0
95.0
18.0
76.0
29.0
16.0
15.0
31.0
45.0
46.0
20.0
72.0
22.0
97.0
18.0
61.0
9.0
47.0
67.0
12.0
12.0
94.0
25.0
91.0
97.0
46.0
42.0
31.0
39.0
23.0
13.0
36.0
60.0
20.0
16.0
68.0
50.0
13.0
45.0
78.0
75.0
82.0
48.0
64.0
91.0
71.0
13.0
34.0
44.0
27.0
42.0
78.0
93.0
5.0
20.0
4.0
80.0
16.0
61.0
68.0
41.0
18.0
65.0
73.0
42.0
66.0
88.0
59.0
3.0
73.0
83.0
17.0
92.0
4.0
71.0
100.0
56.0
51.0
5.0
85.0
75.0
86.0
78.0
75.0
62.0
62.0
98.0
8.0
9.0
78.0
25.0
69.0
70.0
60.0
86.0
88.0
11.0
44.0
79.0
78.0
60.0
89.0
97.0
40.0
42.0
1.0
37.0
66.0
84.0
86.0
87.0
31.0
19.0
4.0
14.0
36.0
78.0
71.0
65.0
30.0
17.0
62.0
88.0
33.0
12.0
62.0
75.0
32.0
3.0
82.0
12.0
47.0
76.0
33.0
66.0
82.0
4.0
7.0
26.0
39.0
13.0
48.0
47.0
64.0
64.0
32.0
62.0
62.0
20.0
85.0
66.0
96.0
76.0
84.0
33.0
48.0
60.0
73.0
81.0
87.0
1.0
42.0
75.0
64.0
55.0
49.0
21.0
92.0
22.0
65.0
93.0
7.0
30.0
15.0
97.0
27.0
11.0
15.0
91.0
62.0
42.0
100.0
16.0
66.0
76.0
96.0
49.0
11.0
34.0
8.0
48.0
71.0
76.0
85.0
26.0
56.0
46.0
94.0
87.0
67.0
73.0
85.0
63.0
80.0
28.0
79.0
80.0
69.0
87.0