99.0
29.0
68.0
3.0
53.0
85.0
69.0
37.0
27.0
72.0
67.0
74.0
81.0
9.0
56.0
68.0
87.0
25.0
83.0
86.0
98.0
67.0
1.0
71.0
44.0
77.0
76.0
12.0
72.0
89.0
7.0
85.0
32.0
18.0
3.0
46.0
99.0
71.0
64.0
46.0
30.0
18.0
12.0
85.0
22.0
33.0
68.0
20.0
27.0
28.0
58.0
70.0
93.0
62.0
54.0
96.0
10.0
43.0
80.0
69.0
67.0
24.0
99.0
86.0
87.0
25.0
34.0
30.0
1.0
25.0
85.0
90.0
57.0
49.0
11.0
17.0
71.0
40.0
28.0
82.0
56.0
62.0
3.0
26.0
78.0
56.0
67.0
18.0
68.0
67.0
42.0
61.0
87.0
77.0
22.0
49.0
64.0
22.0
4.0
51.0
78.0
11.0
91.0
5.0
11.0
49.0
72.0
97.0
61.0
44.0
48.0
86.0
89.0
14.0
35.0
16.0
86.0
27.0
5.0
14.0
98.0
87.0
4.0
6.0
32.0
77.0
99.0
4.0
71.0
54.0
77.0
72.0
44.0
29.0
41.0
88.0
11.0
86.0
16.0
71.0
83.0
6.0
98.0
91.0
58.0
96.0
32.0
1.0
93.0
11.0
87.0
32.0
85.0
1.0
27.0
44.0
16.0
43.0
8.0
26.0
65.0
56.0
75.0
54.0
46.0
83.0
27.0
73.0
20.0
68.0
94.0
22.0
69.0
75.0
73.0
71.0
11.0
70.0
44.0
99.0
99.0
74.0
51.0
55.0
88.0
77.0
56.0
96.0
26.0
11.0
84.0
76.0
57.0
68.0
97.0
32.0
76.0
31.0
14.0
34.0
20.0
28.0
81.0
27.0
1.0
30.0
61.0
4.0
76.0
71.0
55.0
4.0
6.0
40.0
42.0
13.0
12.0
30.0
62.0
57.0
89.0
95.0
53.0
73.0
50.0
89.0
82.0
45.0
82.0
75.0
23.0
99.0
51.0
21.0
44.0
34.0
42.0
58.0
1.0
36.0
52.0
97.0
12.0
89.0
69.0
96.0
43.0
21.0
96.0
61.0
77.0
92.0
76.0
47.0
4.0
82.0
44.0
20.0
99.0
51.0
69.0
88.0
61.0
72.0
62.0
89.0
87.0
47.0
86.0
67.0
92.0
6.0
90.0
69.0
94.0
28.0
75.0
83.0
31.0
56.0
59.0
51.0
77.0
50.0
1.0
30.0
49.0
57.0
50.0
5.0
99.0
99.0
69.0
15.0
11.0
20.0
26.0
20.0
1.0
73.0
97.0
75.0
15.0
94.0
53.0
89.0
81.0
57.0
68.0
59.0
30.0
16.0
31.0
63.0
49.0
16.0
46.0
45.0
59.0
21.0
16.0
61.0
56.0
27.0
61.0
71.0
69.0
77.0
15.0
32.0
75.0
100.0
51.0
75.0
36.0
36.0
56.0
65.0
64.0
11.0
86.0
71.0
76.0
9.0
91.0
71.0
90.0
7.0
25.0
26.0
49.0
94.0
41.0
91.0
31.0
1.0
46.0
5.0
64.0
44.0
77.0
29.0
13.0
79.0
3.0
32.0
65.0
41.0
79.0
56.0
5.0
11.0
77.0
76.0
43.0
82.0
49.0
25.0
64.0
83.0
42.0
79.0
85.0
1.0
31.0
64.0
34.0
2.0
49.0
39.0
19.0
78.0
12.0
69.0
70.0
80.0
62.0
90.0
35.0
35.0
89.0
5.0
100.0
52.0
91.0
84.0
62.0
76.0
78.0
30.0
64.0
72.0
21.0
78.0
28.0
15.0
34.0
97.0
77.0
20.0
11.0
86.0
14.0
73.0
99.0
85.0
32.0
28.0
75.0
37.0
99.0
15.0
97.0
32.0
47.0
63.0
59.0
60.0
24.0
92.0
80.0
5.0
56.0
32.0
78.0
36.0
25.0
71.0
5.0
67.0
86.0
14.0
69.0
40.0
41.0
13.0
83.0
69.0
19.0
91.0
30.0
93.0
45.0
99.0
64.0
50.0
99.0
8.0
53.0
3.0
9.0
26.0
77.0
44.0
30.0
36.0
58.0
75.0
89.0
71.0
78.0
77.0
50.0
1.0
64.0
77.0
16.0
70.0
70.0
85.0
80.0
21.0
36.0
97.0
96.0
31.0
63.0
94.0
5.0
81.0
89.0
83.0
85.0
12.0
7.0
21.0
36.0
62.0
16.0
100.0
41.0
100.0
64.0
66.0
77.0
11.0
64.0
62.0
83.0
54.0
73.0
30.0
22.0
64.0
76.0
35.0
84.0
4.0
78.0
75.0
99.0
61.0
46.0
21.0
41.0
38.0
64.0
82.0
73.0
76.0
21.0
15.0
74.0
65.0
87.0
95.0
94.0
12.0
31.0
21.0
42.0
41.0
45.0
4.0
97.0
17.0
56.0
28.0
44.0
86.0
70.0
99.0
88.0
81.0
33.0
84.0
62.0
50.0
63.0
77.0
99.0
98.0
16.0
65.0
25.0
72.0
74.0
36.0
79.0
98.0
58.0
66.0
26.0
83.0
83.0
83.0
19.0
1.0
72.0
35.0
13.0
59.0
21.0
37.0
27.0
8.0
83.0
59.0
93.0
8.0
73.0
100.0
16.0
89.0
21.0
19.0
82.0
51.0
68.0
66.0
87.0
78.0
18.0
44.0
68.0
66.0
66.0
73.0
30.0
32.0
10.0
41.0
71.0
71.0
86.0
4.0
44.0
22.0
16.0
71.0
44.0
100.0
22.0
41.0
64.0
71.0
47.0
69.0
11.0
69.0
75.0
51.0
1.0
42.0
91.0
47.0
61.0
5.0
61.0
80.0
72.0
98.0
4.0
63.0
2.0
9.0
77.0
25.0
51.0
19.0
25.0
75.0
41.0
78.0
12.0
45.0
30.0
4.0
58.0
28.0
25.0
77.0
36.0
89.0
14.0
15.0
17.0
9.0
11.0
99.0
73.0
92.0
88.0
50.0
36.0
61.0
66.0
31.0
86.0
23.0
32.0
86.0
64.0
97.0
4.0
7.0
16.0
34.0
93.0
88.0
78.0
78.0
78.0
28.0
16.0
96.0
77.0
100.0
100.0
26.0
22.0
69.0
97.0
85.0
4.0
35.0
71.0
98.0
69.0
64.0
99.0
9.0
71.0
58.0
6.0
34.0
31.0
65.0
65.0
27.0
19.0
90.0
23.0
44.0
49.0
55.0
48.0
78.0
25.0
10.0
71.0
76.0
50.0
91.0
76.0
85.0
75.0
89.0
21.0
1.0
21.0
97.0
98.0
70.0
86.0
12.0
8.0
63.0
56.0
88.0
92.0
5.0
29.0
77.0
20.0
32.0
3.0
62.0
41.0
83.0
27.0
98.0
64.0
37.0
55.0
9.0
1.0
7.0
29.0
87.0
40.0
89.0
20.0
92.0
43.0
64.0
79.0
55.0
26.0
12.0
98.0
75.0
17.0
62.0
91.0
16.0
51.0
45.0
76.0
58.0
98.0
14.0
24.0
90.0
47.0
47.0
73.0
6.0
100.0
37.0
41.0
80.0
97.0
69.0
75.0
28.0
40.0
65.0
35.0
33.0
75.0
45.0
14.0
100.0
60.0
31.0
99.0
73.0
12.0
24.0
44.0
99.0
40.0
62.0
26.0
59.0
60.0
56.0
27.0
98.0
69.0
29.0
59.0
18.0
91.0
65.0
50.0
9.0
85.0
42.0
76.0
75.0
9.0
85.0
79.0
23.0
77.0
21.0
11.0
68.0
81.0
15.0
25.0
53.0
11.0
85.0
24.0
38.0
67.0
17.0
72.0
12.0
84.0
20.0
57.0
94.0
1.0
21.0
88.0
94.0
46.0
38.0
90.0
89.0
66.0
18.0
73.0
97.0
56.0
43.0
7.0
71.0
98.0
3.0
13.0
92.0
45.0
51.0
12.0
46.0
28.0
73.0
85.0
24.0
40.0
81.0
66.0
86.0
61.0
4.0
100.0
84.0
36.0
14.0
46.0
3.0
75.0
87.0
66.0
89.0
46.0
78.0
11.0
85.0
93.0
87.0
13.0
51.0
93.0
34.0
5.0
8.0
90.0
37.0
38.0
39.0
34.0
23.0
35.0
84.0
42.0
1.0
4.0
98.0
59.0
67.0
85.0
99.0
80.0
9.0
100.0
49.0
58.0
20.0
47.0
17.0
2.0
11.0
64.0
33.0
97.0
23.0
84.0
62.0
32.0
85.0
50.0
64.0
57.0
87.0
3.0
38.0
33.0
94.0
8.0
14.0
20.0
3.0
99.0
62.0
18.0
73.0
69.0
69.0
62.0
17.0
61.0
14.0
75.0
42.0
15.0
75.0
30.0
31.0
99.0
69.0
67.0
17.0
74.0
68.0
50.0
34.0
9.0
15.0
17.0
17.0
76.0
3.0
6.0
64.0
21.0
22.0
63.0
25.0
63.0
75.0
94.0
71.0
85.0
76.0
32.0
99.0
37.0
72.0
11.0
83.0
28.0
71.0
1.0
4.0
82.0
78.0
69.0
11.0
39.0
87.0
49.0
11.0
90.0
55.0
41.0
65.0
73.0
99.0
25.0
100.0
17.0
13.0
24.0
28.0
86.0
83.0
13.0
29.0
22.0
18.0
13.0
35.0
5.0
23.0
22.0
48.0
13.0
72.0
30.0
89.0
46.0
61.0
92.0
41.0
97.0
64.0
6.0
13.0
30.0
83.0
78.0
29.0
11.0
65.0
72.0
72.0
48.0
55.0
84.0
6.0
47.0
77.0
6.0
9.0
96.0
69.0
27.0
30.0
98.0
27.0
82.0
79.0
35.0
25.0
87.0
70.0
81.0
22.0
42.0
14.0
67.0
99.0
23.0
14.0
22.0
38.0
42.0
20.0
22.0
59.0
1.0
91.0
14.0
91.0
9.0
28.0
17.0
93.0
21.0
7.0
28.0
26.0
31.0
32.0
8.0
4.0
100.0
6.0
49.0
46.0
100.0
1.0
26.0
14.0
13.0
64.0
86.0
46.0
64.0
49.0
68.0
72.0
27.0
18.0
6.0
75.0
38.0
4.0
40.0
17.0
1.0
79.0
44.0
86.0
46.0
72.0
14.0
43.0
48.0
87.0
16.0
72.0
81.0
12.0
39.0
3.0
1.0
84.0
8.0
48.0
71.0
65.0
12.0
27.0
28.0
12.0
89.0
22.0
83.0
15.0
54.0
30.0
16.0
82.0
13.0
62.0
87.0
49.0
46.0
71.0
20.0
64.0
50.0
12.0
22.0
58.0
84.0
76.0
4.0
79.0
47.0
9.0
14.0
4.0
18.0
5.0
27.0
84.0
7.0
24.0
87.0
22.0
68.0
72.0
77.0
30.0
33.0
48.0
6.0
79.0
73.0
42.0
48.0
83.0
27.0
88.0
20.0
81.0
89.0
96.0
32.0
37.0
66.0
45.0
98.0
96.0
56.0
82.0
71.0
4.0
35.0
79.0
53.0
32.0