42.0
60.0
42.0
49.0
11.0
58.0
23.0
50.0
8.0
4.0
11.0
32.0
89.0
30.0
19.0
71.0
40.0
83.0
90.0
13.0
20.0
34.0
13.0
91.0
23.0
15.0
58.0
35.0
22.0
18.0
69.0
80.0
41.0
97.0
98.0
44.0
22.0
17.0
84.0
51.0
60.0
76.0
19.0
59.0
3.0
63.0
67.0
98.0
24.0
98.0
1.0
73.0
8.0
29.0
78.0
41.0
27.0
3.0
97.0
72.0
64.0
15.0
96.0
26.0
37.0
9.0
53.0
3.0
94.0
66.0
13.0
54.0
47.0
35.0
39.0
49.0
41.0
97.0
71.0
92.0
94.0
83.0
88.0
22.0
24.0
84.0
64.0
91.0
20.0
66.0
33.0
65.0
98.0
82.0
90.0
64.0
15.0
5.0
14.0
5.0
77.0
68.0
4.0
87.0
34.0
27.0
28.0
13.0
75.0
38.0
20.0
86.0
31.0
91.0
69.0
45.0
26.0
75.0
32.0
27.0
75.0
9.0
73.0
89.0
59.0
87.0
67.0
33.0
72.0
12.0
33.0
8.0
83.0
13.0
17.0
77.0
28.0
79.0
46.0
26.0
1.0
31.0
76.0
60.0
80.0
45.0
87.0
65.0
42.0
64.0
77.0
9.0
54.0
73.0
54.0
4.0
80.0
96.0
69.0
4.0
5.0
96.0
89.0
78.0
54.0
65.0
56.0
50.0
41.0
79.0
74.0
87.0
68.0
71.0
58.0
7.0
63.0
41.0
4.0
72.0
46.0
90.0
42.0
16.0
56.0
92.0
89.0
22.0
8.0
97.0
28.0
13.0
28.0
18.0
36.0
6.0
56.0
65.0
70.0
74.0
73.0
72.0
89.0
73.0
54.0
19.0
98.0
90.0
91.0
42.0
19.0
32.0
75.0
65.0
99.0
28.0
5.0
78.0
6.0
18.0
64.0
89.0
76.0
64.0
1.0
64.0
5.0
91.0
19.0
69.0
53.0
6.0
85.0
83.0
12.0
54.0
96.0
19.0
6.0
44.0
62.0
22.0
24.0
17.0
14.0
72.0
20.0
13.0
13.0
93.0
88.0
7.0
4.0
82.0
84.0
67.0
11.0
24.0
64.0
78.0
89.0
82.0
80.0
10.0
18.0
43.0
83.0
13.0
4.0
92.0
73.0
74.0
81.0
75.0
100.0
26.0
94.0
80.0
65.0
99.0
33.0
95.0
11.0
50.0
26.0
61.0
45.0
26.0
42.0
22.0
12.0
89.0
33.0
98.0
45.0
45.0
11.0
92.0
5.0
37.0
37.0
68.0
67.0
27.0
9.0
64.0
83.0
60.0
16.0
24.0
74.0
35.0
44.0
43.0
85.0
26.0
92.0
60.0
62.0
24.0
26.0
76.0
46.0
70.0
89.0
61.0
75.0
80.0
10.0
39.0
25.0
80.0
30.0
82.0
84.0
42.0
99.0
11.0
26.0
77.0
80.0
31.0
2.0
61.0
15.0
87.0
36.0
73.0
32.0
74.0
64.0
4.0
51.0
43.0
17.0
24.0
39.0
42.0
34.0
59.0
68.0
22.0
64.0
87.0
7.0
28.0
34.0
34.0
98.0
13.0
31.0
44.0
93.0
90.0
27.0
34.0
40.0
71.0
86.0
23.0
41.0
14.0
78.0
52.0
16.0
13.0
18.0
45.0
56.0
19.0
19.0
43.0
36.0
20.0
34.0
50.0
11.0
30.0
93.0
58.0
69.0
22.0
31.0
28.0
49.0
28.0
37.0
14.0
16.0
64.0
9.0
73.0
93.0
25.0
72.0
87.0
99.0
80.0
96.0
81.0
3.0
15.0
13.0
90.0
69.0
9.0
67.0
97.0
89.0
83.0
91.0
5.0
8.0
13.0
20.0
88.0
86.0
96.0
91.0
82.0
77.0
94.0
91.0
15.0
91.0
13.0
23.0
24.0
14.0
70.0
57.0
75.0
25.0
89.0
49.0
100.0
21.0
45.0
15.0
77.0
67.0
37.0
27.0
43.0
48.0
83.0
13.0
7.0
18.0
75.0
95.0
80.0
72.0
59.0
49.0
71.0
21.0
30.0
68.0
25.0
13.0
2.0
57.0
16.0
28.0
96.0
77.0
60.0
67.0
66.0
35.0
27.0
82.0
28.0
25.0
85.0
99.0
82.0
36.0
26.0
62.0
65.0
82.0
23.0
65.0
9.0
46.0
45.0
75.0
78.0
99.0
27.0
99.0
74.0
38.0
88.0
30.0
8.0
33.0
72.0
57.0
42.0
75.0
5.0
62.0
22.0
15.0
62.0
83.0
13.0
64.0
7.0
30.0
13.0
66.0
73.0
94.0
99.0
66.0
79.0
32.0
77.0
19.0
40.0
64.0
76.0
50.0
84.0
60.0
87.0
83.0
98.0
27.0
10.0
97.0
95.0
54.0
32.0
97.0
79.0
68.0
46.0
93.0
84.0
7.0
86.0
73.0
96.0
42.0
30.0
89.0
32.0
61.0
80.0
77.0
14.0
19.0
98.0
73.0
39.0
27.0
77.0
27.0
3.0
44.0
11.0
67.0
90.0
32.0
76.0
76.0
47.0
62.0
85.0
8.0
23.0
42.0
58.0
71.0
68.0
23.0
60.0
24.0
44.0
58.0
39.0
91.0
61.0
98.0
85.0
21.0
47.0
62.0
68.0
87.0
3.0
89.0
85.0
43.0
73.0
51.0
41.0
27.0
82.0
89.0
61.0
22.0
27.0
16.0
18.0
36.0
33.0
97.0
23.0
56.0
20.0
44.0
72.0
75.0
31.0
34.0
78.0
38.0
68.0
11.0
12.0
14.0
68.0
15.0
78.0
89.0
2.0
62.0
43.0
7.0
91.0
86.0
42.0
9.0
14.0
5.0
94.0
97.0
20.0
83.0
26.0
62.0
14.0
8.0
6.0
79.0
94.0
49.0
34.0
4.0
46.0
14.0
75.0
45.0
68.0
65.0
18.0
42.0
41.0
7.0
21.0
6.0
11.0
96.0
34.0
4.0
57.0
86.0
69.0
35.0
49.0
46.0
42.0
74.0
96.0
89.0
98.0
5.0
15.0
58.0
15.0
17.0
29.0
32.0
41.0
62.0
48.0
5.0
43.0
39.0
90.0
81.0
83.0
7.0
16.0
54.0
74.0
82.0
51.0
6.0
30.0
14.0
87.0
9.0
87.0
89.0
70.0
22.0
24.0
15.0
61.0
14.0
68.0
13.0
66.0
33.0
29.0
11.0
32.0
69.0
83.0
67.0
15.0
14.0
21.0
20.0
27.0
5.0
62.0
81.0
29.0
20.0
85.0
100.0
11.0
21.0
39.0
46.0
77.0
21.0
12.0
3.0
75.0
82.0
18.0
29.0
58.0
41.0
81.0
77.0
3.0
12.0
20.0
71.0
29.0
28.0
11.0
62.0
27.0
61.0
88.0
87.0
23.0
15.0
23.0
49.0
31.0
57.0
22.0
62.0
72.0
62.0
16.0
42.0
71.0
66.0
47.0
58.0
14.0
78.0
13.0
32.0
65.0
45.0
40.0
75.0
91.0
83.0
6.0
64.0
48.0
69.0
30.0
27.0
80.0
11.0
78.0
73.0
13.0
20.0
64.0
12.0
62.0
4.0
86.0
16.0
21.0
97.0
97.0
44.0
94.0
45.0
19.0
93.0
51.0
35.0
70.0
62.0
69.0
11.0
12.0
94.0
64.0
91.0
82.0
14.0
9.0
13.0
83.0
67.0
24.0
71.0
44.0
6.0
48.0
83.0
36.0
56.0
64.0
73.0
9.0
14.0
37.0
20.0
76.0
30.0
75.0
18.0
100.0
81.0
98.0
86.0
41.0
5.0
29.0
93.0
91.0
61.0
8.0
35.0
72.0
35.0
99.0
56.0
22.0
14.0
83.0
27.0
26.0
21.0
79.0
31.0
11.0
24.0
61.0
31.0
65.0
88.0
22.0
78.0
62.0
77.0
38.0
37.0
5.0
26.0
75.0
75.0
55.0
35.0
22.0
2.0
46.0
4.0
40.0
15.0
58.0
39.0
84.0
23.0
75.0
64.0
87.0
51.0
69.0
42.0
16.0
54.0
71.0
80.0
97.0
16.0
89.0
21.0
8.0
12.0
11.0
34.0
76.0
26.0
40.0
77.0
40.0
47.0
30.0
1.0
66.0
13.0
66.0
54.0
37.0
38.0
65.0
41.0
3.0
98.0
1.0
27.0
75.0
88.0
69.0
18.0
37.0
8.0
11.0
17.0
55.0
26.0
63.0
26.0
34.0
41.0
44.0
3.0
24.0
61.0
98.0
66.0
5.0
67.0
56.0
13.0
46.0
51.0
52.0
46.0
62.0
47.0
21.0
26.0
14.0
72.0
27.0
40.0
45.0
37.0
66.0
79.0
50.0
56.0
22.0
20.0
59.0
67.0
5.0
49.0
51.0
47.0
91.0
7.0
44.0
95.0
10.0
73.0
18.0
51.0
51.0
45.0
94.0
11.0
62.0
84.0
62.0
94.0
69.0
29.0
72.0
88.0
45.0
57.0
29.0
30.0
29.0
93.0
86.0
24.0
86.0
80.0
12.0
67.0
57.0
42.0
76.0
30.0
30.0
96.0
76.0
66.0
40.0
44.0
34.0
63.0
82.0
45.0
27.0
75.0
80.0
51.0
73.0
51.0
34.0
72.0
37.0
62.0
89.0
31.0
22.0
36.0
19.0
96.0
67.0
30.0
4.0
81.0
29.0
5.0
89.0
44.0
12.0
99.0
86.0
67.0
25.0
7.0
36.0
63.0
87.0
82.0
69.0
38.0
17.0
94.0
61.0
79.0
44.0
85.0
4.0
64.0
33.0
44.0
21.0
73.0
65.0
93.0
37.0
17.0
99.0
75.0
47.0
99.0
29.0
66.0
1.0
85.0
15.0
89.0
86.0
16.0
19.0
28.0
16.0
30.0
79.0
91.0
31.0
11.0
12.0
82.0
68.0
65.0
23.0
91.0
5.0
20.0
99.0
89.0
72.0
51.0
72.0
91.0
41.0
77.0
11.0
32.0
27.0
88.0
88.0
34.0
63.0
15.0
83.0
21.0
73.0
82.0
92.0
6.0
74.0
19.0
98.0
75.0
83.0
62.0
14.0
36.0
89.0
11.0
73.0
1.0
36.0
69.0
14.0
87.0
94.0
62.0
12.0
81.0
84.0
69.0
69.0
83.0
49.0
62.0
45.0
48.0
73.0
47.0
7.0
10.0
77.0
86.0
19.0
27.0
82.0
34.0
62.0
29.0
93.0
14.0
49.0
3.0
37.0
36.0
64.0
20.0
12.0
21.0
45.0
83.0
89.0
35.0
23.0
62.0
15.0
44.0
27.0
57.0
99.0
40.0
32.0
98.0
48.0
84.0
46.0
14.0
15.0
49.0
37.0
71.0
6.0
48.0
39.0
10.0
88.0
77.0
11.0
65.0
96.0
96.0
83.0
91.0
23.0
49.0
83.0
35.0
64.0
32.0
58.0
43.0
75.0
32.0
75.0
54.0
49.0
59.0
14.0
4.0
38.0
72.0
28.0
93.0
48.0
97.0
20.0
72.0
37.0
76.0
24.0
87.0
48.0
64.0
54.0
45.0
24.0
15.0
87.0
49.0
58.0
9.0
9.0
50.0
79.0
92.0
61.0
13.0
81.0
27.0
86.0
21.0
91.0
32.0
34.0
87.0
14.0
34.0
14.0
80.0
73.0
38.0
4.0
1.0
61.0
16.0
62.0
22.0
90.0
83.0
32.0
66.0
11.0
88.0
72.0
84.0
83.0
62.0
13.0
19.0
21.0
15.0
27.0
45.0
18.0
47.0
27.0
33.0
13.0
73.0
14.0
100.0
83.0
75.0
57.0
7.0
32.0
90.0
97.0
60.0
92.0
4.0
30.0
66.0
99.0
79.0
78.0
44.0
32.0
86.0
18.0
5.0
42.0
14.0
68.0
33.0
72.0
42.0
65.0
82.0
3.0
65.0
75.0
84.0
51.0
83.0
100.0
35.0
9.0
51.0
14.0
49.0
40.0
25.0
26.0
96.0
34.0
15.0
77.0
32.0
73.0
33.0
59.0
28.0
56.0
82.0
16.0
11.0
15.0
77.0
51.0
96.0
1.0
58.0
87.0
9.0
69.0
52.0
73.0
90.0
36.0
30.0
98.0
8.0
77.0
86.0
39.0
19.0
71.0
31.0
80.0
23.0
99.0
59.0
95.0
94.0
26.0
22.0
4.0
3.0
36.0
49.0
65.0
4.0
65.0
26.0
17.0
10.0
87.0
19.0
21.0
83.0
64.0
83.0
12.0
14.0
5.0
10.0
95.0
64.0
17.0
57.0
25.0
69.0
51.0
40.0
52.0
73.0
57.0
17.0
26.0
41.0
99.0
35.0
49.0
29.0
3.0
77.0
49.0
73.0
57.0
64.0
39.0
17.0
29.0
51.0
8.0
71.0
32.0
4.0
29.0
8.0
6.0
41.0
21.0
85.0
25.0
40.0
14.0
43.0
100.0
17.0
65.0
67.0
13.0
34.0
46.0
13.0
82.0
81.0
47.0
87.0
13.0
74.0
40.0
89.0
15.0
27.0
21.0
94.0
46.0
65.0
58.0
64.0
99.0
5.0
72.0
39.0
48.0
64.0
82.0
86.0
99.0
76.0
48.0
83.0
82.0
73.0
59.0
48.0
17.0
17.0
73.0
1.0
65.0
17.0
65.0
26.0
75.0
94.0
90.0
54.0
30.0
35.0
43.0
98.0
73.0
22.0
16.0
100.0
61.0
9.0
60.0
49.0
2.0
9.0
72.0
64.0
77.0
81.0
58.0
36.0
79.0
30.0
27.0
65.0
54.0
26.0
45.0
98.0
72.0
66.0
68.0
1.0
68.0
48.0
86.0
13.0
62.0
81.0
86.0
56.0
75.0
11.0
45.0
16.0
46.0
85.0
99.0
41.0
53.0
44.0
79.0
94.0
5.0
5.0
96.0
54.0
58.0
10.0
1.0
43.0
41.0
37.0
78.0
6.0
77.0
66.0
87.0
26.0
34.0
54.0
17.0
67.0
75.0
4.0
59.0
78.0
46.0
23.0
62.0
13.0
71.0
40.0
47.0
73.0
76.0
55.0
81.0
37.0
35.0
99.0
90.0
65.0
49.0
93.0
20.0
99.0
74.0
55.0
73.0
65.0
17.0
14.0
44.0
11.0
17.0
14.0
17.0
78.0
32.0
56.0
56.0
85.0
78.0
75.0
96.0
56.0
11.0
12.0
22.0
15.0
77.0
40.0
51.0
64.0
55.0
17.0
20.0
7.0
87.0
58.0
59.0
27.0
13.0
11.0
10.0
96.0
99.0
62.0
30.0
39.0
23.0
73.0
58.0
30.0
65.0
84.0
46.0
72.0
29.0
73.0
4.0
73.0
82.0
100.0
60.0
87.0
73.0
28.0
14.0
86.0
6.0
73.0
73.0
86.0
57.0
16.0
71.0
69.0
27.0
89.0
44.0
39.0
94.0
85.0
69.0
72.0
46.0
45.0
80.0
97.0
97.0
8.0
76.0
70.0
12.0
78.0
45.0
44.0
41.0
23.0
27.0
19.0
77.0
61.0
17.0
66.0
4.0
91.0
29.0
82.0
21.0
91.0
17.0
31.0
92.0
70.0
75.0
48.0
41.0
24.0
23.0
80.0
77.0
96.0
82.0
51.0
38.0
58.0
73.0
48.0
54.0
75.0
45.0
22.0
97.0
15.0
64.0
15.0
62.0
61.0
84.0
46.0
15.0
27.0
84.0
16.0
76.0
53.0
49.0
73.0
50.0
84.0
27.0
27.0
15.0
51.0
26.0
30.0
14.0
15.0
21.0
14.0
51.0
64.0
25.0
4.0
56.0
31.0
14.0
32.0
97.0
21.0
16.0
26.0
89.0
10.0
58.0
32.0
93.0
20.0
17.0
73.0
82.0
98.0
62.0
49.0
99.0
84.0
15.0
4.0
72.0
31.0
99.0
13.0
59.0
88.0
67.0
18.0
100.0
51.0
14.0
75.0
71.0
91.0
30.0
5.0
61.0
16.0
64.0
58.0
91.0
12.0
94.0
38.0
8.0
62.0
28.0
71.0
88.0
99.0
81.0
70.0
73.0
93.0
47.0
65.0
98.0
51.0
27.0
69.0
73.0
55.0
22.0
27.0
9.0
12.0
86.0
84.0
23.0
78.0
32.0
20.0
92.0
70.0
62.0
1.0
85.0
92.0
28.0
17.0
51.0
75.0
32.0
16.0
72.0
19.0
68.0
41.0
24.0
2.0
43.0
61.0
45.0
42.0
30.0
21.0
5.0
21.0
82.0
57.0
68.0
77.0
97.0
16.0
82.0
28.0
94.0
51.0
97.0
6.0
33.0
81.0
97.0
79.0
72.0
8.0
73.0
97.0
41.0
69.0
6.0
59.0
89.0
77.0
4.0
40.0
17.0
47.0
48.0
3.0
92.0
59.0
84.0
98.0
23.0
42.0
14.0
87.0
19.0
75.0
77.0
80.0
64.0
99.0
67.0
5.0
89.0
78.0
72.0
64.0
41.0
74.0
33.0
27.0
47.0
50.0
45.0
70.0
38.0
25.0
21.0
83.0
2.0
100.0
99.0
41.0
20.0
42.0
58.0
84.0
47.0
41.0
71.0
78.0
21.0
75.0
8.0
30.0
46.0
23.0
93.0
48.0
67.0
81.0
94.0
85.0
64.0
17.0
68.0
37.0
7.0
45.0
74.0
55.0
31.0
58.0
97.0
78.0
59.0
69.0
64.0
19.0
86.0
41.0
25.0
99.0
32.0