26.0
14.0
30.0
76.0
27.0
65.0
61.0
16.0
7.0
28.0
19.0
39.0
67.0
4.0
98.0
27.0
16.0
60.0
23.0
27.0
23.0
3.0
21.0
73.0
93.0
87.0
42.0
78.0
85.0
78.0
75.0
1.0
44.0
61.0
100.0
29.0
87.0
69.0
12.0
62.0
84.0
75.0
31.0
75.0
65.0
12.0
29.0
77.0
11.0
50.0
14.0
78.0
81.0
65.0
34.0
41.0
97.0
14.0
43.0
13.0
72.0
62.0
58.0
62.0
73.0
49.0
65.0
80.0
24.0
85.0
98.0
72.0
62.0
87.0
35.0
27.0
56.0
42.0
72.0
31.0
45.0
91.0
22.0
71.0
73.0
75.0
89.0
98.0
87.0
3.0
88.0
38.0
14.0
22.0
63.0
4.0
51.0
45.0
75.0
49.0
26.0
27.0
91.0
85.0
5.0
68.0
100.0
11.0
55.0
66.0
99.0
23.0
79.0
16.0
62.0
40.0
18.0
17.0
78.0
99.0
41.0
4.0
61.0
56.0
60.0
68.0
68.0
78.0
83.0
29.0
44.0
19.0
60.0
17.0
11.0
9.0
62.0
68.0
78.0
73.0
39.0
9.0
16.0
68.0
6.0
35.0
84.0
53.0
75.0
96.0
44.0
92.0
3.0
7.0
56.0
7.0
1.0
3.0
61.0
90.0
71.0
18.0
86.0
73.0
33.0
39.0
62.0
11.0
99.0
72.0
77.0
73.0
10.0
69.0
42.0
54.0
89.0
81.0
58.0
44.0
85.0
90.0
97.0
84.0
30.0
21.0
67.0
37.0
22.0
19.0
18.0
40.0
26.0
28.0
11.0
82.0
44.0
17.0
68.0
45.0
66.0
61.0
7.0
42.0
65.0
93.0
77.0
98.0
48.0
87.0
66.0
62.0
88.0
94.0
49.0
77.0
13.0
50.0
97.0
12.0
88.0
82.0
5.0
14.0
21.0
42.0
13.0
37.0
62.0
1.0
9.0
46.0
27.0
77.0
93.0
76.0
79.0
22.0
50.0
96.0
62.0
26.0
27.0
29.0
76.0
6.0
7.0
63.0
22.0
72.0
83.0
28.0
33.0
28.0
89.0
23.0
73.0
44.0
96.0
2.0
11.0
12.0
68.0
82.0
62.0
8.0
47.0
100.0
11.0
87.0
3.0
17.0
26.0
4.0
44.0
14.0
84.0
28.0
73.0
35.0
93.0
44.0
35.0
72.0
34.0
84.0
4.0
66.0
87.0
84.0
62.0
85.0
69.0
67.0
24.0
66.0
41.0
84.0
22.0
44.0
55.0
33.0
3.0
5.0
40.0
56.0
32.0
77.0
2.0
30.0
23.0
6.0
87.0
92.0
24.0
69.0
59.0
17.0
72.0
55.0
97.0
35.0
71.0
34.0
6.0
83.0
25.0
53.0
69.0
85.0
72.0
9.0
40.0
82.0
51.0
15.0
31.0
99.0
21.0
77.0
66.0
41.0
55.0
32.0
94.0
68.0
1.0
42.0
83.0
80.0
25.0
99.0
97.0
22.0
47.0
27.0
77.0
86.0
9.0
39.0
67.0
89.0
96.0
15.0
45.0
52.0
23.0
54.0
19.0
28.0
77.0
98.0
58.0
98.0
35.0
54.0
100.0
76.0
23.0
40.0
30.0
80.0
89.0
30.0
78.0
31.0
30.0
7.0
74.0
74.0
58.0
98.0
3.0
25.0
53.0
94.0
14.0
52.0
4.0
11.0
32.0
89.0
6.0
20.0
98.0
70.0
17.0
75.0
92.0
32.0
86.0
100.0
9.0
15.0
62.0
14.0
55.0
46.0
89.0
14.0
11.0
29.0
21.0
69.0
7.0
83.0
5.0
68.0
25.0
89.0
27.0
62.0
81.0
86.0
49.0
5.0
55.0
30.0
43.0
65.0
71.0
89.0
7.0
71.0
75.0
14.0
81.0
77.0
89.0
62.0
35.0
13.0
77.0
87.0
62.0
39.0
15.0
49.0
4.0
4.0
79.0
79.0
71.0
91.0
5.0
9.0
75.0
44.0
34.0
3.0
27.0
22.0
77.0
98.0
34.0
11.0
4.0
43.0
70.0
38.0
22.0
8.0
21.0
32.0
99.0
61.0
64.0
79.0
75.0
39.0
22.0
50.0
64.0
89.0
69.0
62.0
97.0
55.0
25.0
45.0
25.0
31.0
33.0
25.0
44.0
1.0
40.0
83.0
30.0
1.0
93.0
20.0
18.0
41.0
38.0
26.0
4.0
55.0
39.0
35.0
20.0
72.0
8.0
17.0
37.0
26.0
27.0
43.0
17.0
41.0
33.0
75.0
30.0
45.0
32.0
89.0
30.0
82.0
67.0
68.0
88.0
41.0
81.0
36.0
21.0
59.0
75.0
31.0
94.0
32.0
69.0
79.0
57.0
53.0
76.0
3.0
88.0
3.0
16.0
35.0
80.0
2.0
56.0
76.0
10.0
39.0
20.0
80.0
77.0
49.0
29.0
89.0
5.0
33.0
16.0
50.0
81.0
4.0
21.0
92.0
66.0
93.0
93.0
83.0
5.0
42.0
30.0
16.0
80.0
64.0
74.0
65.0
19.0
27.0
17.0
86.0
47.0
94.0
73.0
66.0
19.0
98.0
44.0
12.0
22.0
65.0
90.0
7.0
78.0
93.0
23.0
71.0
12.0
86.0
34.0
24.0
42.0
88.0
14.0
89.0
53.0
99.0
87.0
64.0
30.0
13.0
77.0
66.0
97.0
84.0
44.0
51.0
14.0
77.0
25.0
6.0
29.0
28.0
5.0
53.0
60.0
26.0
69.0
5.0
82.0
62.0
20.0
67.0
4.0
96.0
75.0
40.0
81.0
59.0
83.0
89.0
74.0
9.0
80.0
67.0
13.0
46.0
67.0
86.0
89.0
76.0
16.0
79.0
15.0
25.0
46.0
97.0
2.0
94.0
24.0
19.0
83.0
22.0
78.0
25.0
3.0
38.0
12.0
45.0
74.0
10.0
98.0
48.0
66.0
76.0
24.0
14.0
89.0
82.0
34.0
62.0
39.0
35.0
24.0
14.0
12.0
49.0
66.0
67.0
24.0
45.0
9.0
42.0
41.0
89.0
27.0
48.0
8.0
65.0
36.0
34.0
85.0
76.0
14.0
44.0
21.0
19.0
69.0
12.0
73.0
41.0
63.0
29.0
59.0
77.0
64.0
20.0
4.0
36.0
89.0
29.0
29.0
4.0
69.0
32.0
16.0
18.0
32.0
92.0
78.0
25.0
83.0
72.0
56.0
22.0
47.0
56.0
91.0
98.0
3.0
46.0
64.0
93.0
49.0
91.0
73.0
4.0
14.0
26.0
87.0
97.0
46.0
8.0
4.0
89.0
73.0
85.0
35.0
84.0
42.0
76.0
71.0
27.0
21.0
94.0
26.0
70.0
69.0
10.0
40.0
97.0
49.0
68.0
54.0
87.0
47.0
5.0
77.0
16.0
13.0
82.0
17.0
83.0
78.0
29.0
25.0
19.0
96.0
31.0
66.0
40.0
16.0
67.0
28.0
50.0
25.0
87.0
78.0
8.0
82.0
97.0
27.0
33.0
14.0
20.0
26.0
71.0
54.0
6.0
33.0
58.0
75.0
79.0
100.0
87.0
78.0
19.0
77.0
98.0
5.0
82.0
77.0
94.0
59.0
14.0
82.0
59.0
43.0
93.0
51.0
86.0
9.0
66.0
21.0
28.0
100.0
49.0
11.0
93.0
29.0
82.0
83.0
30.0
60.0
40.0
86.0
71.0
99.0
82.0
15.0
12.0
62.0
79.0
12.0
40.0
53.0
60.0
84.0
31.0
1.0
14.0
64.0
34.0
90.0
56.0
73.0
75.0
68.0
76.0
6.0
75.0
51.0
72.0
3.0
49.0
56.0
49.0
73.0
18.0
6.0
76.0
64.0
71.0
29.0
28.0
14.0
1.0
37.0
42.0
41.0
49.0
92.0
72.0
21.0
21.0
98.0
79.0
61.0
85.0
43.0
84.0
12.0
14.0
62.0
1.0
11.0
94.0
45.0
65.0
81.0
66.0
30.0
19.0
21.0
31.0
100.0
14.0
85.0
50.0
21.0
94.0
17.0
44.0
21.0
7.0
94.0
23.0
21.0
61.0
1.0
8.0
62.0
11.0
77.0
92.0
72.0
35.0
27.0
83.0
76.0
96.0
11.0
1.0
7.0
66.0
77.0
95.0
41.0
62.0
51.0
77.0
93.0
83.0
16.0
83.0
26.0
45.0
45.0
86.0
26.0
67.0
81.0
68.0
97.0
20.0
97.0
90.0
72.0
61.0
71.0
59.0
1.0
4.0
9.0
6.0
5.0
35.0
68.0
21.0
74.0
1.0
51.0
73.0
41.0
29.0
76.0
15.0
41.0
11.0
69.0
68.0
16.0
98.0
28.0
43.0
40.0
27.0
35.0
4.0
91.0
88.0
1.0
56.0
61.0
62.0
77.0
14.0
64.0
99.0
80.0
19.0
99.0
33.0
83.0
33.0
26.0
14.0
46.0
11.0
59.0
6.0
3.0
40.0
86.0
4.0
80.0
90.0
13.0
47.0
39.0
52.0
27.0
24.0
82.0
20.0
13.0
64.0
26.0
41.0
28.0
35.0
71.0
87.0
72.0
61.0
82.0
68.0
73.0
87.0
99.0
83.0
20.0
87.0
3.0
96.0
67.0
39.0
64.0
23.0
12.0
70.0
92.0
15.0
50.0
13.0
80.0
24.0
72.0
55.0
96.0
72.0
87.0
71.0
29.0
18.0
34.0
61.0
45.0
27.0
94.0
91.0
97.0
9.0
75.0
71.0
15.0
75.0
5.0
88.0
78.0
44.0
19.0
91.0
51.0
62.0
39.0
68.0
7.0
10.0
14.0
33.0
2.0
25.0
45.0
56.0
81.0
69.0
30.0
92.0
30.0
57.0
33.0
35.0
21.0
57.0
22.0
68.0
98.0
19.0
19.0
65.0
83.0
72.0
75.0
6.0
4.0
14.0
79.0
24.0
34.0
78.0
67.0
62.0
28.0
27.0
91.0
59.0
67.0
39.0
31.0
73.0
27.0
47.0
21.0
43.0
1.0
37.0
92.0
20.0
30.0
82.0
30.0
20.0
78.0
70.0
91.0
7.0
42.0
87.0
34.0
42.0
60.0
28.0
3.0
72.0
2.0
9.0
23.0
9.0
17.0
25.0
88.0
30.0
20.0
42.0
49.0
1.0
49.0
39.0
96.0
80.0
77.0
64.0
27.0
98.0
69.0
12.0
96.0
76.0
66.0
17.0
44.0
99.0
25.0
37.0
68.0
75.0
75.0
73.0
52.0
61.0
93.0
35.0
79.0
49.0
56.0
1.0
81.0
7.0
56.0
30.0
27.0
69.0
32.0
92.0
75.0
25.0
36.0
37.0
99.0
89.0
1.0
44.0
75.0
17.0
26.0
3.0
39.0
96.0
61.0
71.0
90.0
76.0
70.0
1.0