11.0
34.0
62.0
71.0
18.0
73.0
77.0
16.0
84.0
9.0
75.0
92.0
76.0
60.0
26.0
21.0
79.0
77.0
25.0
2.0
96.0
19.0
80.0
84.0
35.0
12.0
75.0
24.0
19.0
32.0
59.0
24.0
89.0
67.0
75.0
86.0
14.0
77.0
36.0
44.0
73.0
18.0
45.0
100.0
72.0
27.0
77.0
72.0
20.0
5.0
61.0
97.0
87.0
29.0
46.0
87.0
19.0
75.0
92.0
55.0
44.0
82.0
15.0
2.0
48.0
29.0
97.0
62.0
24.0
13.0
50.0
1.0
87.0
33.0
14.0
13.0
86.0
62.0
86.0
26.0
75.0
54.0
83.0
12.0
17.0
68.0
75.0
13.0
44.0
54.0
49.0
92.0
71.0
22.0
19.0
89.0
87.0
27.0
99.0
99.0
56.0
22.0
57.0
3.0
31.0
87.0
14.0
43.0
49.0
89.0
35.0
94.0
73.0
99.0
54.0
5.0
77.0
44.0
35.0
3.0
42.0
44.0
4.0
64.0
13.0
27.0
18.0
64.0
41.0
49.0
69.0
25.0
43.0
72.0
87.0
23.0
64.0
22.0
23.0
4.0
46.0
62.0
98.0
10.0
87.0
72.0
14.0
69.0
76.0
80.0
20.0
1.0
55.0
83.0
14.0
4.0
89.0
43.0
8.0
67.0
17.0
1.0
73.0
3.0
33.0
66.0
98.0
34.0
62.0
89.0
71.0
84.0
89.0
73.0
89.0
93.0
86.0
1.0
75.0
34.0
92.0
89.0
90.0
72.0
57.0
51.0
81.0
59.0
64.0
15.0
87.0
65.0
50.0
63.0
66.0
46.0
72.0
80.0
17.0
51.0
77.0
7.0
17.0
40.0
11.0
86.0
38.0
21.0
8.0
67.0
23.0
72.0
81.0
71.0
73.0
17.0
49.0
33.0
31.0
71.0
33.0
26.0
77.0
97.0
78.0
47.0
78.0
58.0
64.0
21.0
59.0
16.0
64.0
82.0
3.0
56.0
7.0
88.0
44.0
86.0
83.0
89.0
77.0
62.0
28.0
4.0
87.0
93.0
42.0
77.0
90.0
89.0
5.0
5.0
40.0
65.0
41.0
52.0
71.0
74.0
65.0
48.0
89.0
35.0
33.0
57.0
56.0
72.0
47.0
83.0
47.0
98.0
3.0
13.0
79.0
11.0
19.0
19.0
75.0
67.0
30.0
10.0
76.0
61.0
50.0
3.0
54.0
12.0
33.0
53.0
79.0
18.0
31.0
82.0
17.0
19.0
9.0
2.0
17.0
86.0
83.0
71.0
28.0
8.0
79.0
16.0
72.0
83.0
28.0
61.0
11.0
12.0
63.0
20.0
100.0
36.0
21.0
45.0
87.0
26.0
70.0
16.0
22.0
21.0
64.0
84.0
14.0
69.0
30.0
2.0
54.0
73.0
4.0
22.0
21.0
88.0
49.0
81.0
48.0
89.0
89.0
19.0
72.0
5.0
73.0
59.0
33.0
60.0
72.0
88.0
20.0
1.0
96.0
5.0
85.0
1.0
87.0
25.0
28.0
99.0
44.0
62.0
6.0
1.0
29.0
18.0
62.0
49.0
43.0
30.0
73.0
16.0
12.0
6.0
12.0
8.0
66.0
31.0
98.0
30.0
66.0
70.0
15.0
44.0
75.0
79.0
63.0
75.0
83.0
51.0
98.0
22.0
33.0
15.0
8.0
31.0
14.0
12.0
51.0
66.0
77.0
92.0
36.0
9.0
9.0
66.0
99.0
56.0
9.0
96.0
80.0
86.0
47.0
75.0
62.0
17.0
85.0
76.0
72.0
8.0
79.0
64.0
83.0
28.0
80.0
82.0
52.0
56.0
64.0
38.0
41.0
48.0
76.0
51.0
16.0
76.0
89.0
64.0
84.0
61.0
7.0
64.0
4.0
24.0
60.0
28.0
29.0
63.0
56.0
75.0
59.0
96.0
79.0
97.0
35.0
89.0
41.0
38.0
81.0
65.0
44.0
12.0
92.0
26.0
8.0
52.0
76.0
17.0
72.0
39.0
52.0
39.0
46.0
89.0
51.0
89.0
83.0
68.0
47.0
67.0
28.0
15.0
46.0
20.0
75.0
45.0
62.0
20.0
62.0
61.0
44.0
44.0
42.0
87.0
17.0
24.0
33.0
53.0
20.0
90.0
22.0
25.0
17.0
73.0
14.0
38.0
37.0
28.0
99.0
44.0
27.0
89.0
33.0
16.0
27.0
32.0
69.0
77.0
15.0
55.0
19.0
41.0
95.0
89.0
44.0
75.0
99.0
24.0
19.0
28.0
17.0
28.0
25.0
49.0
78.0
83.0
34.0
68.0
83.0
98.0
77.0
73.0
73.0
19.0
13.0
28.0
65.0
73.0
4.0
98.0
12.0
42.0
33.0
29.0
51.0
65.0
42.0
19.0
45.0
23.0
57.0
64.0
24.0
52.0
31.0
96.0
19.0
44.0
30.0
64.0
29.0
76.0
93.0
12.0
13.0
23.0
87.0
17.0
58.0
61.0
49.0
47.0
36.0
71.0
90.0
89.0
47.0
57.0
85.0
35.0
83.0
89.0
100.0
42.0
78.0
80.0
59.0
70.0
27.0
100.0
61.0
35.0
9.0
38.0
71.0
51.0
39.0
60.0
77.0
71.0
82.0
63.0
60.0
100.0
78.0
91.0
84.0
78.0
35.0
41.0
79.0
75.0
7.0
11.0
38.0
83.0
25.0
24.0
51.0
68.0
78.0
42.0
89.0
8.0
30.0
57.0
26.0
59.0
97.0
9.0
81.0
50.0
73.0
100.0
97.0
27.0
45.0
67.0
16.0
56.0
35.0
56.0
58.0
31.0
12.0
89.0
25.0
11.0
90.0
87.0
99.0
58.0
69.0
84.0
36.0
27.0
37.0
87.0
21.0
56.0
88.0
28.0
46.0
69.0
21.0
68.0
74.0
44.0
89.0
68.0
92.0
32.0
64.0
32.0
7.0
39.0
100.0
49.0
65.0
12.0
69.0
19.0
21.0
68.0
44.0
76.0
30.0
18.0
46.0
43.0
41.0
44.0
97.0
50.0
18.0
16.0
18.0
22.0
69.0
21.0
84.0
18.0
71.0
89.0
73.0
64.0
52.0
83.0
51.0
2.0
65.0
30.0
55.0
31.0
79.0
57.0
4.0
30.0
31.0
96.0
35.0
56.0
100.0
99.0
91.0
87.0
54.0
25.0
96.0
74.0
18.0
70.0
45.0
85.0
17.0
75.0
62.0
4.0
46.0
4.0
5.0
46.0
64.0
64.0
21.0
61.0
87.0
97.0
47.0
79.0
1.0
43.0
19.0
33.0
71.0
98.0
29.0
76.0
72.0
72.0
68.0
17.0
78.0
75.0
27.0
72.0
39.0
47.0
86.0
45.0
1.0
62.0
30.0
61.0
5.0
87.0
20.0
72.0
69.0
36.0
80.0
34.0
88.0
7.0
67.0
72.0
33.0
70.0
89.0
53.0
99.0
88.0
64.0
68.0
26.0
68.0
39.0
38.0
20.0
49.0
56.0
32.0
92.0
83.0
64.0
4.0
39.0
70.0
76.0
51.0
100.0
85.0
30.0
43.0
38.0
12.0
30.0
16.0
15.0
46.0
51.0
76.0
1.0
77.0
57.0
85.0
87.0
66.0
40.0
27.0
7.0
99.0
64.0
88.0
88.0
66.0
66.0
27.0
75.0
79.0
58.0
82.0
87.0
31.0
83.0
65.0
56.0
49.0
67.0
16.0
81.0
76.0
22.0
71.0
28.0
31.0
20.0
23.0
71.0
16.0
6.0
55.0
71.0
77.0
86.0
74.0
69.0
27.0
49.0
12.0
30.0
85.0
80.0
9.0
30.0
80.0
62.0
71.0
97.0
93.0
72.0
40.0
87.0
85.0
57.0
27.0
69.0
17.0
56.0
59.0
22.0
89.0
63.0
22.0
8.0
24.0
29.0
96.0
28.0
20.0
46.0
75.0
27.0
83.0
82.0
11.0
69.0
41.0
61.0
14.0
17.0
24.0
21.0
61.0
26.0
96.0
75.0
11.0
91.0
32.0
86.0
45.0
16.0
30.0
17.0
17.0
15.0
5.0
11.0
82.0
96.0
51.0
40.0
15.0
79.0
55.0
64.0
71.0
85.0
64.0
38.0
64.0
84.0
11.0
51.0
76.0
21.0
24.0
42.0
90.0
24.0
10.0
61.0
16.0
63.0
47.0
73.0
72.0
16.0
51.0
98.0
27.0
88.0
13.0
18.0
40.0
51.0
5.0
27.0
51.0
91.0
40.0
14.0
75.0
64.0
67.0
21.0
46.0
23.0
50.0
69.0
64.0
60.0
48.0
41.0
11.0
79.0
65.0
64.0
94.0
97.0
98.0
32.0
27.0
12.0
46.0
77.0
49.0
19.0
21.0
49.0
12.0
52.0
33.0
86.0
30.0
57.0
42.0
10.0
64.0
61.0
67.0
64.0
16.0
53.0
73.0
60.0
28.0
73.0
68.0
28.0
76.0
49.0
34.0
65.0
74.0
64.0
12.0
36.0
51.0
27.0
18.0
73.0
41.0
64.0
96.0
13.0
83.0
21.0
71.0
75.0
51.0
31.0
67.0
15.0
73.0
44.0
49.0
83.0
21.0
32.0
12.0
88.0
44.0
73.0
11.0
19.0
75.0
44.0
48.0
5.0
14.0
46.0
89.0
13.0
81.0
98.0
24.0
4.0
33.0
94.0
36.0
93.0
89.0
37.0
24.0
19.0
33.0
61.0
16.0
57.0
76.0
83.0
61.0
67.0
49.0
86.0
75.0
31.0
94.0
45.0
77.0
17.0
54.0
33.0
44.0
96.0
2.0
51.0
66.0
15.0
93.0
23.0
16.0
58.0
19.0
73.0
85.0
17.0
89.0
81.0
51.0
80.0
11.0
12.0
56.0
93.0
21.0
59.0
93.0
28.0
16.0
11.0
62.0
69.0
57.0
64.0
98.0
70.0
75.0
58.0
67.0
78.0
32.0
63.0
86.0
79.0
11.0
61.0
75.0
25.0
30.0
91.0
67.0
63.0
67.0
22.0
97.0
87.0
25.0
63.0
3.0
42.0
46.0
47.0
41.0
41.0
2.0
23.0
11.0
28.0
24.0
85.0
51.0
50.0
65.0
64.0
52.0
43.0
74.0
53.0
68.0
99.0
73.0
89.0
22.0
72.0
76.0
15.0
31.0
27.0
64.0
56.0
69.0
88.0
87.0
10.0
62.0
22.0
78.0
9.0
49.0
84.0
59.0
80.0
77.0
50.0
71.0
22.0
89.0
78.0
23.0
76.0
40.0
46.0
79.0
73.0
83.0
62.0
1.0
94.0
97.0
90.0
78.0
30.0
43.0
78.0
76.0
53.0
99.0
51.0
45.0
51.0
99.0
91.0
82.0
26.0
18.0
69.0
11.0
56.0
32.0
77.0
77.0
5.0
71.0
27.0
52.0
73.0
21.0
30.0
12.0
97.0
18.0
44.0
89.0
87.0
79.0
80.0
45.0
23.0
25.0
28.0
36.0
1.0
20.0
25.0
30.0
55.0
1.0
69.0
83.0
27.0
72.0
33.0
84.0
66.0
32.0
64.0
92.0
75.0
48.0
64.0
40.0
35.0
11.0
63.0
9.0
32.0
43.0
29.0
50.0
89.0
4.0
11.0
40.0
54.0
72.0
8.0
20.0
25.0
21.0
21.0
11.0
29.0
38.0
5.0
42.0
92.0
16.0
52.0
55.0
63.0
75.0
25.0
16.0
41.0
69.0
27.0
63.0
83.0
65.0
88.0
98.0
1.0
81.0
88.0
94.0
8.0
49.0
92.0
45.0
1.0
41.0
43.0
44.0
24.0
93.0
94.0
16.0
47.0
72.0
99.0
74.0
27.0
27.0
70.0
16.0
1.0
12.0
54.0
99.0
4.0
32.0
76.0
87.0
72.0
16.0
39.0
24.0
25.0
65.0
47.0
31.0
41.0
30.0
96.0
19.0
83.0
67.0
85.0
51.0
40.0
87.0
31.0
31.0
83.0
34.0
11.0
12.0
67.0
75.0
70.0
67.0
19.0
4.0
42.0
17.0
45.0
57.0
20.0
80.0
92.0
32.0
97.0
64.0
16.0
41.0
78.0
3.0
23.0
87.0
91.0
26.0
75.0
20.0
16.0
98.0
61.0
65.0
58.0
64.0
29.0
89.0
85.0
100.0
18.0
4.0
51.0
55.0
15.0
23.0
48.0
100.0
22.0
40.0
20.0
16.0
36.0
14.0
64.0
25.0
73.0
12.0
78.0
49.0
97.0
4.0
49.0
34.0
82.0
84.0
44.0
1.0
35.0
80.0
15.0
88.0
76.0
82.0
11.0
82.0
22.0
42.0
91.0
4.0
87.0
85.0
75.0
73.0
61.0
32.0
89.0
14.0
17.0
50.0
14.0
32.0
59.0
84.0
16.0
99.0
30.0
56.0
7.0
66.0
66.0
1.0
31.0
16.0
31.0
87.0
72.0
48.0
11.0
14.0
100.0
1.0
9.0
87.0
75.0
44.0
71.0
63.0
39.0
59.0
89.0
48.0
12.0
75.0
33.0
51.0
83.0
78.0
93.0
36.0
67.0
66.0
100.0
85.0
17.0
79.0
43.0
71.0
86.0
59.0
84.0
43.0
11.0
85.0
57.0
86.0
71.0
7.0
93.0
22.0
63.0
27.0
80.0
66.0
35.0
18.0
13.0
66.0
1.0
49.0
77.0
71.0
60.0
44.0
76.0
73.0
65.0
51.0
92.0
38.0
60.0
36.0
5.0
14.0
45.0
46.0
69.0
83.0
54.0
2.0
1.0
70.0
86.0
76.0
62.0
97.0
64.0
100.0
5.0
49.0
17.0
86.0
40.0
83.0
34.0
14.0
9.0
10.0
2.0
55.0
92.0
64.0
70.0
68.0
15.0
64.0
88.0
4.0
65.0
59.0
42.0
78.0
30.0
88.0
4.0
73.0
77.0
31.0
3.0
91.0
16.0
72.0
38.0
28.0
20.0
99.0
68.0
65.0
91.0
89.0
92.0
56.0
74.0
36.0
14.0
76.0
15.0
72.0
97.0
37.0
36.0
4.0
26.0
68.0
53.0
30.0
49.0
84.0
74.0
85.0
65.0
64.0
34.0
6.0
82.0
74.0
27.0
40.0
4.0
20.0
23.0
44.0
76.0
100.0
100.0
21.0
26.0
87.0
78.0
7.0
62.0
68.0
23.0
62.0
5.0
13.0
87.0
25.0
14.0
74.0
75.0
81.0
60.0
83.0
46.0
24.0
37.0
57.0
5.0
24.0
58.0
56.0
94.0
97.0
16.0
29.0
75.0
37.0
75.0
66.0
3.0
75.0
86.0
32.0
28.0
18.0
82.0
77.0
98.0
81.0
2.0
89.0
87.0
67.0
76.0
81.0
76.0
41.0
95.0
13.0
1.0
93.0
73.0
78.0
77.0
72.0
69.0
75.0
66.0
50.0
34.0
16.0
61.0
88.0
8.0
75.0
71.0
18.0
25.0
67.0
82.0
85.0
12.0
92.0
13.0
96.0
20.0
50.0
25.0
3.0
30.0
59.0
87.0
3.0
42.0
46.0
15.0
40.0
58.0
20.0
48.0
22.0
3.0
46.0
73.0
22.0
51.0
28.0
71.0
52.0
56.0
2.0
39.0
70.0
93.0
91.0
62.0
72.0
92.0
87.0
20.0
79.0
32.0
83.0
96.0
23.0
66.0
73.0
32.0
45.0
7.0
76.0
71.0
14.0
65.0
19.0
30.0
83.0
71.0
68.0
87.0
55.0
66.0
80.0
14.0
82.0
39.0
27.0
19.0
16.0
61.0
4.0
30.0
31.0
39.0
31.0
29.0
27.0
48.0
58.0
81.0
9.0
51.0
8.0
25.0
70.0
95.0
16.0
43.0
69.0
27.0
75.0
5.0
9.0
45.0
56.0
63.0
84.0
92.0
34.0
61.0
8.0
80.0
87.0
58.0
94.0
68.0
34.0
31.0
12.0
66.0
28.0
27.0
41.0
22.0
40.0
69.0
72.0
28.0
43.0
8.0
34.0
8.0
22.0
41.0
55.0
80.0
13.0
3.0
88.0
57.0
35.0
65.0
10.0
36.0
87.0
51.0
32.0
97.0
68.0
75.0
33.0
97.0
76.0
46.0
13.0
51.0
71.0
30.0
41.0
38.0
49.0
12.0
25.0
34.0
50.0
82.0
42.0
25.0
37.0
75.0
73.0
100.0
93.0
26.0
23.0
41.0
48.0
5.0
64.0
23.0
22.0
44.0
77.0
45.0
82.0
22.0
62.0
61.0
66.0
43.0
25.0
35.0
97.0
72.0
41.0
32.0
96.0
28.0
17.0
86.0
67.0
85.0
67.0
86.0
65.0
31.0
23.0
12.0
3.0
64.0
46.0
33.0
90.0
85.0
87.0
53.0
96.0
68.0
98.0
75.0
29.0
42.0
51.0
77.0
32.0
97.0
33.0
8.0
26.0
53.0
5.0
31.0
85.0
15.0
99.0
63.0
89.0
47.0
27.0
26.0
44.0
9.0
30.0
89.0
33.0
35.0
87.0
64.0
44.0
75.0
89.0
79.0
73.0
33.0
71.0
72.0
46.0
93.0
74.0
43.0
13.0
35.0
68.0
89.0
83.0
24.0
77.0
89.0
27.0
4.0
83.0
32.0
73.0
99.0
80.0
41.0
62.0
14.0
9.0
18.0
99.0
56.0
49.0
73.0
75.0
11.0
74.0
47.0
52.0
82.0
41.0
100.0
65.0