23.0
7.0
70.0
97.0
48.0
51.0
23.0
69.0
34.0
94.0
21.0
100.0
30.0
72.0
80.0
97.0
67.0
64.0
12.0
68.0
35.0
94.0
77.0
48.0
70.0
86.0
21.0
84.0
18.0
76.0
56.0
100.0
3.0
25.0
63.0
35.0
13.0
19.0
88.0
13.0
12.0
69.0
85.0
79.0
27.0
65.0
87.0
77.0
61.0
21.0
86.0
29.0
95.0
88.0
14.0
63.0
99.0
44.0
84.0
80.0
67.0
99.0
73.0
45.0
75.0
49.0
35.0
81.0
82.0
87.0
50.0
11.0
34.0
65.0
9.0
64.0
32.0
17.0
16.0
86.0
12.0
51.0
26.0
35.0
76.0
46.0
100.0
84.0
72.0
77.0
66.0
56.0
39.0
21.0
88.0
97.0
73.0
41.0
13.0
99.0
99.0
14.0
44.0
1.0
57.0
87.0
40.0
68.0
56.0
73.0
29.0
60.0
61.0
32.0
33.0
31.0
90.0
99.0
68.0
30.0
22.0
55.0
62.0
97.0
62.0
16.0
83.0
80.0
51.0
5.0
32.0
20.0
4.0
86.0
36.0
61.0
31.0
53.0
17.0
51.0
87.0
47.0
82.0
35.0
29.0
2.0
93.0
58.0
24.0
90.0
68.0
24.0
76.0
27.0
41.0
12.0
79.0
32.0
69.0
36.0
44.0
64.0
85.0
53.0
48.0
64.0
62.0
79.0
51.0
90.0
32.0
13.0
40.0
28.0
8.0
73.0
18.0
75.0
31.0
24.0
98.0
35.0
65.0
39.0
19.0
48.0
47.0
92.0
68.0
52.0
12.0
72.0
39.0
63.0
72.0
54.0
88.0
76.0
75.0
61.0
60.0
56.0
3.0
21.0
32.0
82.0
18.0
78.0
28.0
59.0
76.0
78.0
19.0
87.0
32.0
94.0
88.0
91.0
67.0
49.0
24.0
77.0
4.0
98.0
17.0
8.0
85.0
35.0
87.0
41.0
71.0
82.0
17.0
47.0
63.0
72.0
69.0
7.0
22.0
32.0
71.0
42.0
64.0
86.0
18.0
92.0
25.0
85.0
10.0
21.0
94.0
12.0
77.0
86.0
94.0
12.0
64.0
61.0
87.0
57.0
71.0
21.0
84.0
15.0
66.0
60.0
30.0
21.0
15.0
64.0
85.0
39.0
6.0
69.0
27.0
81.0
69.0
41.0
5.0
3.0
1.0
21.0
61.0
45.0
30.0
25.0
24.0
97.0
25.0
81.0
16.0
89.0
4.0
73.0
96.0
53.0
4.0
34.0
72.0
28.0
62.0
61.0
3.0
83.0
29.0
72.0
71.0
53.0
75.0
100.0
20.0
77.0
23.0
73.0
77.0
37.0
77.0
84.0
77.0
44.0
96.0
99.0
60.0
26.0
25.0
69.0
72.0
51.0
91.0
82.0
6.0
32.0
48.0
89.0
85.0
80.0
15.0
34.0
84.0
57.0
19.0
75.0
34.0
42.0
31.0
60.0
8.0
16.0
17.0
94.0
14.0
75.0
61.0
13.0
69.0
88.0
98.0
24.0
78.0
76.0
64.0
56.0
60.0
77.0
40.0
55.0
39.0
7.0
49.0
15.0
87.0
65.0
30.0
91.0
24.0
46.0
99.0
77.0
67.0
18.0
28.0
65.0
96.0
47.0
7.0
40.0
87.0
41.0
59.0
43.0
23.0
51.0
30.0
16.0
63.0
99.0
82.0
70.0
58.0
33.0
66.0
12.0
59.0
61.0
75.0
58.0
25.0
25.0
80.0
46.0
12.0
35.0
28.0
12.0
88.0
8.0
98.0
89.0
39.0
59.0
45.0
100.0
35.0
16.0
27.0
68.0
13.0
14.0
15.0
85.0
99.0
73.0
97.0
44.0
30.0
24.0
98.0
77.0
29.0
13.0
96.0
50.0
35.0
11.0
94.0
13.0
45.0
73.0
46.0
69.0
87.0
27.0
9.0
80.0
62.0
28.0
92.0
13.0
26.0
44.0
37.0
28.0
27.0
92.0
20.0
60.0
61.0
3.0
62.0
82.0
76.0
6.0
33.0
44.0
21.0
33.0
83.0
58.0
73.0
19.0
28.0
93.0
87.0
72.0
73.0
58.0
67.0
85.0
42.0
96.0
49.0
12.0
47.0
74.0
12.0
16.0
78.0
75.0
17.0
98.0
26.0
56.0
69.0
80.0
59.0
84.0
2.0
4.0
72.0
52.0
99.0
9.0
15.0
77.0
36.0
1.0
61.0
69.0
25.0
13.0
71.0
61.0
75.0
27.0
83.0
24.0
56.0
78.0
36.0
28.0
77.0
50.0
89.0
44.0
62.0
72.0
5.0
26.0
89.0
66.0
9.0
48.0
64.0
24.0
72.0
25.0
20.0
99.0
14.0
89.0
31.0
72.0
72.0
75.0
52.0
62.0
78.0
45.0
43.0
87.0
22.0
100.0
49.0
73.0
85.0
44.0
80.0
77.0
28.0
32.0
54.0
78.0
3.0
33.0
17.0
22.0
6.0
40.0
75.0
3.0
66.0
22.0
24.0
16.0
62.0
66.0
82.0
4.0
44.0
31.0
40.0
72.0
14.0
4.0
3.0
90.0
82.0
12.0
11.0
8.0
93.0
87.0
31.0
35.0
98.0
44.0
75.0
29.0
71.0
44.0
3.0
72.0
27.0
23.0
4.0
73.0
58.0
94.0
4.0
71.0
98.0
32.0
51.0
77.0
17.0
28.0
79.0
28.0
39.0
79.0
35.0
96.0
62.0
98.0
12.0
76.0
58.0
92.0
6.0
36.0
88.0
75.0
27.0
72.0
56.0
77.0
90.0
41.0
98.0
80.0
60.0
75.0
71.0
20.0
15.0
30.0
14.0
69.0
17.0
41.0
57.0
50.0
13.0
18.0
71.0
19.0
5.0
28.0
86.0
21.0
3.0
32.0
68.0
15.0
73.0
46.0
50.0
54.0
24.0
68.0
89.0
69.0
68.0
82.0
14.0
89.0
62.0
56.0
2.0
16.0
27.0
41.0
89.0
73.0
85.0
30.0
41.0
47.0
43.0
11.0
19.0
89.0
66.0
49.0
83.0
32.0
96.0
32.0
51.0
40.0
67.0
97.0
42.0
47.0
62.0
85.0
1.0
88.0
51.0
8.0
48.0
7.0
83.0
55.0
44.0
27.0
63.0
3.0
24.0
50.0
9.0
6.0
72.0
97.0
29.0
69.0
100.0
26.0
29.0
100.0
61.0
88.0
19.0
40.0
68.0
65.0
77.0
87.0
91.0
36.0
23.0
67.0
86.0
61.0
19.0
77.0
11.0
99.0
33.0
65.0
65.0
13.0
68.0
69.0
51.0
71.0
72.0
75.0
96.0
26.0
57.0
35.0
72.0
63.0
41.0
43.0
25.0
89.0
32.0
93.0
82.0
4.0
70.0
47.0
64.0
16.0
23.0
51.0
39.0
37.0
69.0
29.0
68.0
82.0
35.0
60.0
79.0
96.0
45.0
61.0
67.0
100.0
89.0
41.0
56.0
71.0
91.0
64.0
35.0
90.0
88.0
80.0
87.0
21.0
32.0
73.0
14.0
22.0
73.0
77.0
73.0
93.0
30.0
96.0
9.0
65.0
15.0
20.0
26.0
91.0
82.0
51.0
91.0
79.0
18.0
20.0
77.0
97.0
25.0
41.0
93.0
71.0
31.0
4.0
73.0
75.0
64.0
14.0
39.0
43.0
100.0
94.0
61.0
21.0
81.0
1.0
5.0
78.0
65.0
71.0
72.0
53.0
100.0
9.0
71.0
78.0
44.0
11.0
41.0
23.0
5.0
36.0
7.0
85.0
96.0
11.0
13.0
65.0
21.0
61.0
4.0
40.0
44.0
78.0
84.0
19.0
97.0
91.0
100.0
20.0
56.0
45.0
90.0
18.0
77.0
21.0
65.0
25.0
36.0
46.0
51.0
92.0
54.0
67.0
96.0
1.0
80.0
40.0
49.0
17.0
91.0
69.0
89.0
6.0
93.0
68.0
88.0
90.0
83.0
10.0
23.0
39.0
68.0
82.0
46.0
63.0
11.0
32.0
64.0
27.0
30.0
72.0
88.0
86.0
11.0
72.0
56.0
58.0
96.0
65.0
14.0
15.0
44.0
40.0
86.0
32.0
80.0
49.0
9.0
83.0
5.0
39.0
49.0
21.0
11.0
81.0
76.0
56.0
34.0
20.0
39.0
98.0
34.0
76.0
55.0
29.0
66.0
13.0
48.0
28.0
39.0
89.0
77.0
44.0
1.0
32.0
82.0
48.0
34.0
20.0
61.0
30.0
12.0
70.0
16.0
57.0
30.0
47.0
4.0
92.0
96.0
99.0
69.0
80.0
29.0
69.0
70.0
54.0
83.0
3.0
13.0
21.0
44.0
21.0
92.0
21.0
68.0
71.0
4.0
45.0
43.0
7.0
39.0
37.0
23.0
32.0
23.0
34.0
89.0
75.0
27.0
40.0
80.0
20.0
71.0
13.0
22.0
42.0
96.0
85.0
5.0
22.0
86.0
33.0
4.0
44.0
31.0
82.0
45.0
98.0
39.0
81.0
66.0
11.0
65.0
35.0
42.0
47.0
26.0
69.0
17.0
32.0
83.0
94.0
88.0
89.0
56.0
21.0
83.0
90.0
24.0
5.0
41.0
31.0
4.0
24.0
57.0
23.0
21.0
33.0
26.0
19.0
83.0
72.0
77.0
92.0
91.0
79.0
30.0
36.0
32.0
51.0
14.0
34.0
84.0
41.0
80.0
93.0
49.0
58.0
20.0
77.0
44.0
38.0
98.0
66.0
73.0
97.0
37.0
88.0
20.0
38.0
86.0
83.0
31.0
11.0
68.0
13.0
27.0
4.0
99.0
11.0
88.0
93.0
22.0
34.0
51.0
4.0
41.0
39.0
72.0
27.0
49.0
31.0
86.0
3.0
15.0
66.0
85.0
2.0
25.0
78.0
68.0
16.0
4.0
72.0
19.0
89.0
27.0
62.0
39.0
78.0
19.0
32.0
82.0
54.0
47.0
8.0
1.0
96.0
96.0
76.0
74.0
17.0
10.0
89.0
97.0
72.0
68.0
83.0
49.0
51.0
91.0
73.0
81.0
76.0
97.0
41.0
89.0
73.0
24.0
62.0
76.0
41.0
67.0
22.0
44.0
30.0
23.0
64.0
65.0
20.0
63.0
19.0
33.0
46.0
21.0
35.0
96.0
18.0
59.0
6.0
77.0
41.0
21.0
89.0
81.0
61.0
16.0
49.0
88.0
80.0
88.0
31.0
99.0
51.0
39.0
44.0
32.0
48.0
77.0
39.0
76.0
68.0
66.0
2.0
20.0
59.0
64.0
73.0
90.0
93.0
39.0
24.0
28.0
32.0
80.0
86.0
17.0
24.0
55.0
51.0
45.0
21.0
54.0
13.0
75.0
34.0
37.0
51.0
24.0
75.0
97.0
33.0
76.0
31.0
42.0
11.0
25.0
44.0
27.0
53.0
27.0
76.0
58.0
98.0
24.0
20.0
74.0
11.0
93.0
83.0
27.0
70.0
16.0
31.0
20.0
36.0
72.0
28.0
20.0
79.0
68.0
58.0
89.0
97.0
44.0
11.0
44.0
27.0
93.0
28.0
50.0
67.0
67.0
86.0
16.0
80.0
35.0
80.0
31.0
75.0
32.0
84.0
39.0
59.0
12.0
49.0
46.0
21.0
89.0
87.0
23.0
53.0
44.0
56.0
52.0
88.0
60.0
56.0
4.0
45.0
75.0
13.0
64.0
78.0
92.0
17.0
85.0
62.0
12.0
78.0
90.0
75.0
51.0
31.0
92.0
24.0
89.0
23.0
50.0
81.0
51.0
14.0
88.0
71.0
77.0
78.0
74.0
86.0
78.0
99.0
18.0
78.0
32.0
14.0
50.0
91.0
13.0
31.0
19.0
51.0
10.0
95.0
67.0
97.0
81.0
47.0
26.0
85.0
13.0
9.0
68.0
35.0
17.0
37.0
15.0
11.0
49.0
67.0
78.0
41.0
87.0
79.0
53.0
53.0
52.0
34.0
71.0
85.0
30.0
49.0
65.0
20.0
44.0
21.0
85.0
86.0
77.0
32.0
26.0
68.0
10.0
96.0
16.0
18.0
22.0
80.0
76.0
3.0
71.0
1.0
75.0
65.0
8.0
78.0
87.0
78.0
26.0
6.0
45.0
92.0
15.0
7.0
65.0
8.0
73.0
72.0
23.0
62.0
77.0
66.0
68.0
83.0
15.0
72.0
24.0
31.0
81.0
66.0
63.0
90.0
52.0
72.0
87.0
3.0
11.0
33.0
62.0
75.0
91.0
50.0
57.0
75.0
14.0
96.0
86.0
26.0
75.0
20.0
43.0
29.0
98.0
33.0
12.0
26.0
5.0
99.0
52.0
71.0
72.0
75.0
57.0
59.0
36.0
62.0
32.0
61.0
86.0
1.0
33.0
100.0
14.0
86.0
73.0
62.0
84.0
13.0
86.0
71.0
80.0
43.0
100.0
37.0
65.0
64.0
1.0
19.0
87.0
20.0
85.0
82.0
75.0
62.0
71.0
91.0
62.0
64.0
28.0
71.0
45.0
86.0
17.0
4.0
96.0
62.0
77.0
20.0
94.0
46.0
18.0
5.0
73.0
62.0
13.0
68.0
48.0
54.0
100.0
64.0
47.0
87.0
67.0
9.0
5.0
49.0
89.0
96.0
94.0
59.0
64.0
64.0
13.0
67.0
41.0
64.0
61.0
62.0
34.0
36.0
87.0
81.0
26.0
69.0
42.0
46.0
7.0
83.0
74.0
27.0
52.0
22.0
21.0
64.0
45.0
77.0
20.0
56.0
48.0
10.0
20.0
15.0
1.0
13.0
73.0
33.0
38.0
26.0
25.0
87.0
24.0
17.0
30.0
11.0
8.0
75.0
48.0
49.0
1.0
25.0
30.0
62.0
78.0
17.0
69.0
11.0
64.0
80.0
82.0
91.0
41.0
70.0
4.0
54.0
39.0
36.0
51.0
11.0
80.0
46.0
49.0
36.0
94.0
27.0
79.0
45.0
55.0
39.0
4.0
73.0
26.0
9.0
80.0
1.0
40.0
65.0
8.0
30.0
45.0
21.0
40.0
13.0
23.0
57.0
30.0
13.0
86.0
72.0
17.0
67.0
20.0
73.0
33.0
80.0
77.0
16.0
40.0
69.0
61.0
35.0
73.0
15.0
24.0
64.0
62.0
72.0
78.0
87.0
4.0
75.0
59.0
87.0
83.0
92.0
31.0
68.0
17.0
42.0
55.0
38.0
86.0
12.0
33.0
61.0
15.0
71.0
10.0
41.0
16.0
96.0
99.0
74.0
52.0
37.0
30.0
80.0
84.0
89.0
27.0
85.0
75.0
9.0
84.0
14.0
60.0
20.0
5.0
78.0
23.0
75.0
47.0
12.0
31.0
68.0
81.0
59.0
16.0
77.0
39.0
33.0
5.0
32.0
15.0
69.0
32.0
31.0
84.0
41.0
26.0
51.0
79.0
70.0
7.0
31.0
100.0
72.0
88.0
22.0
89.0
77.0
17.0
14.0
24.0
37.0
45.0
51.0
16.0
36.0
82.0
4.0
83.0
50.0
99.0
32.0
35.0
13.0
97.0
62.0
41.0
89.0
8.0
35.0
60.0
83.0
27.0
96.0
50.0
66.0
68.0
17.0