91.0
14.0
33.0
75.0
29.0
38.0
26.0
37.0
97.0
77.0
37.0
77.0
64.0
11.0
90.0
78.0
54.0
27.0
85.0
24.0
30.0
58.0
89.0
21.0
9.0
53.0
65.0
93.0
55.0
59.0
46.0
5.0
46.0
71.0
6.0
75.0
21.0
33.0
69.0
61.0
72.0
16.0
12.0
13.0
44.0
22.0
81.0
42.0
68.0
88.0
64.0
6.0
3.0
17.0
19.0
23.0
71.0
20.0
84.0
99.0
40.0
76.0
76.0
58.0
63.0
11.0
98.0
14.0
48.0
32.0
93.0
20.0
31.0
62.0
33.0
15.0
91.0
3.0
14.0
77.0
1.0
64.0
26.0
26.0
97.0
47.0
5.0
75.0
22.0
23.0
69.0
14.0
55.0
87.0
52.0
19.0
24.0
75.0
23.0
50.0
17.0
24.0
75.0
1.0
21.0
71.0
67.0
85.0
79.0
10.0
71.0
29.0
27.0
76.0
53.0
83.0
47.0
3.0
94.0
62.0
57.0
41.0
94.0
97.0
26.0
70.0
51.0
6.0
71.0
27.0
24.0
94.0
72.0
21.0
32.0
99.0
62.0
64.0
6.0
73.0
34.0
27.0
49.0
69.0
44.0
75.0
41.0
75.0
100.0
100.0
90.0
63.0
55.0
92.0
53.0
6.0
64.0
71.0
37.0
64.0
63.0
99.0
91.0
100.0
70.0
14.0
74.0
51.0
54.0
8.0
59.0
68.0
16.0
92.0
24.0
9.0
73.0
93.0
50.0
44.0
73.0
97.0
56.0
68.0
99.0
62.0
77.0
62.0
22.0
24.0
1.0
3.0
6.0
32.0
30.0
23.0
25.0
62.0
74.0
90.0
27.0
76.0
21.0
3.0
41.0
37.0
75.0
53.0
75.0
76.0
13.0
30.0
73.0
85.0
99.0
78.0
64.0
6.0
9.0
61.0
91.0
87.0
14.0
21.0
64.0
46.0
51.0
51.0
73.0
97.0
17.0
11.0
75.0
12.0
25.0
42.0
94.0
77.0
28.0
65.0
99.0
19.0
47.0
8.0
80.0
12.0
64.0
49.0
41.0
62.0
61.0
28.0
50.0
6.0
73.0
51.0
50.0
73.0
72.0
17.0
23.0
32.0
94.0
85.0
75.0
96.0
29.0
86.0
17.0
96.0
33.0
11.0
77.0
4.0
40.0
80.0
2.0
78.0
49.0
51.0
47.0
12.0
9.0
73.0
65.0
67.0
49.0
16.0
52.0
27.0
96.0
89.0
86.0
91.0
3.0
91.0
73.0
86.0
74.0
97.0
24.0
68.0
11.0
35.0
28.0
86.0
58.0
83.0
36.0
62.0
7.0
98.0
11.0
9.0
63.0
89.0
66.0
31.0
96.0
28.0
24.0
92.0
21.0
69.0
61.0
48.0
91.0
82.0
15.0
21.0
67.0
69.0
59.0
76.0
78.0
63.0
21.0
11.0
92.0
47.0
34.0
2.0
73.0
62.0
30.0
92.0
14.0
49.0
88.0
26.0
88.0
6.0
96.0
53.0
76.0
94.0
58.0
28.0
35.0
74.0
74.0
82.0
53.0
11.0
27.0
83.0
75.0
46.0
57.0
55.0
51.0
73.0
26.0
20.0
88.0
27.0
64.0
12.0
3.0
92.0
70.0
58.0
42.0
4.0
27.0
78.0
46.0
48.0
44.0
32.0
23.0
26.0
34.0
99.0
43.0
24.0
41.0
30.0
81.0
60.0
84.0
16.0
41.0
46.0
32.0
75.0
84.0
78.0
32.0
3.0
31.0
87.0
30.0
76.0
98.0
85.0
73.0
56.0
71.0
31.0
26.0
78.0
36.0
9.0
2.0
31.0
82.0
84.0
33.0
14.0
76.0
77.0
33.0
32.0
12.0
61.0
5.0
27.0
29.0
23.0
44.0
13.0
87.0
86.0
17.0
97.0
29.0
54.0
30.0
7.0
41.0
67.0
73.0
35.0
4.0
97.0
69.0
78.0
15.0
61.0
82.0
99.0
59.0
12.0
73.0
100.0
35.0
44.0
82.0
64.0
15.0
12.0
76.0
37.0
24.0
67.0
9.0
65.0
64.0
64.0
6.0
72.0
41.0
19.0
81.0
77.0
16.0
75.0
72.0
32.0
73.0
60.0
79.0
84.0
76.0
27.0
39.0
45.0
91.0
92.0
28.0
65.0
28.0
7.0
77.0
79.0
96.0
24.0
14.0
58.0
45.0
4.0
83.0
54.0
77.0
48.0
77.0
44.0
41.0
64.0
21.0
39.0
25.0
4.0
26.0
48.0
82.0
13.0
69.0
67.0
62.0
72.0
48.0
72.0
98.0
31.0
12.0
71.0
23.0
51.0
12.0
34.0
34.0
28.0
2.0
64.0
73.0
73.0
7.0
99.0
44.0
94.0
30.0
76.0
14.0
82.0
94.0
89.0
16.0
33.0
88.0
11.0
88.0
22.0
62.0
84.0
98.0
87.0
15.0
6.0
92.0
33.0
97.0
11.0
32.0
24.0
21.0
30.0
86.0
41.0
32.0
62.0
4.0
79.0
33.0
76.0
11.0
51.0
76.0
91.0
17.0
37.0
61.0
31.0
51.0
34.0
99.0
72.0
23.0
26.0
75.0
41.0
38.0
80.0
84.0
14.0
67.0
73.0
31.0
17.0
74.0
29.0
85.0
14.0
46.0
33.0
37.0
69.0
87.0
80.0
58.0
72.0
95.0
95.0
46.0
20.0
40.0
69.0
80.0
82.0
75.0
44.0
68.0
82.0
24.0
82.0
86.0
18.0
75.0
94.0
16.0
65.0
61.0
12.0
62.0
65.0
89.0
43.0
1.0
49.0
2.0
40.0
99.0
32.0
59.0
69.0
76.0
11.0
15.0
59.0
99.0
11.0
73.0
57.0
48.0
8.0
12.0
62.0
36.0
34.0
76.0
81.0
75.0
60.0
33.0
69.0
33.0
94.0
90.0
100.0
33.0
26.0
56.0
91.0
28.0
93.0
41.0
32.0
84.0
65.0
78.0
1.0
19.0
21.0
17.0
4.0
71.0
34.0
80.0
64.0
26.0
22.0
84.0
100.0
97.0
30.0
72.0
96.0
8.0
71.0
3.0
45.0
42.0
45.0
84.0
38.0
63.0
80.0
74.0
96.0
75.0
42.0
73.0
28.0
45.0
99.0
30.0
77.0
67.0
14.0
58.0
77.0
41.0
49.0
41.0
97.0
76.0
79.0
25.0
62.0
81.0
59.0
83.0
66.0
24.0
5.0
19.0
21.0
5.0
76.0
82.0
33.0
73.0
91.0
84.0
57.0
72.0
38.0
3.0
63.0
34.0
58.0
89.0
75.0
45.0
46.0
28.0
83.0
80.0
75.0
32.0
62.0
30.0
13.0
38.0
51.0
33.0
77.0
56.0
70.0
66.0
31.0
44.0
27.0
28.0
8.0
83.0
47.0
79.0
62.0
64.0
20.0
1.0
62.0
5.0
32.0
62.0
24.0
56.0
71.0
31.0
69.0
22.0
20.0
22.0
68.0
17.0
86.0
73.0
82.0
64.0
37.0
86.0
21.0
25.0
4.0
58.0
87.0
27.0
41.0
7.0
3.0
42.0
77.0
66.0
89.0
27.0
9.0
14.0
25.0
50.0
86.0
27.0
23.0
66.0
49.0
64.0
73.0
82.0
20.0
71.0
100.0
2.0
92.0
49.0
90.0
84.0
82.0
9.0
87.0
99.0
4.0
28.0
7.0
4.0
60.0
85.0
4.0
63.0
73.0
77.0
32.0
72.0
73.0
13.0
57.0
87.0
17.0
37.0
44.0
67.0
76.0
77.0
45.0
14.0
10.0
4.0
38.0
49.0
65.0
62.0
94.0
56.0
87.0
71.0
31.0
99.0
69.0
32.0
58.0
21.0
44.0
50.0
78.0
19.0
49.0
87.0
69.0
74.0
27.0
85.0
61.0
41.0
56.0
45.0
84.0
37.0
40.0
85.0
15.0
93.0
51.0
49.0
20.0
58.0
75.0
66.0
62.0
76.0
5.0
64.0
97.0
8.0
75.0
57.0
13.0
45.0
81.0
69.0
76.0
96.0
40.0
18.0
89.0
79.0
17.0
65.0
16.0
45.0
77.0
100.0
4.0
81.0
64.0
29.0
6.0
71.0
81.0
96.0
86.0
84.0
30.0
25.0
80.0
41.0
27.0
62.0
60.0
75.0
51.0
88.0
14.0
19.0
49.0
41.0
77.0
44.0
56.0
62.0
64.0
62.0
21.0
62.0
7.0
66.0
20.0
98.0
91.0
17.0
33.0
51.0
34.0
26.0
34.0
47.0
46.0
88.0
99.0
79.0
62.0
82.0
75.0
73.0
84.0
62.0
43.0
71.0
87.0
13.0
93.0
54.0
29.0
67.0
94.0
77.0
51.0
33.0
83.0
100.0
86.0
14.0
11.0
43.0
100.0
87.0
3.0
73.0
19.0
64.0
38.0
43.0
21.0
14.0
94.0
21.0
27.0
86.0
92.0
64.0
50.0
55.0
78.0
2.0
16.0
11.0
37.0
77.0
58.0
80.0
2.0
7.0
98.0
25.0
86.0
75.0
71.0
47.0
14.0
67.0
75.0
82.0
77.0
87.0
55.0
17.0
3.0
78.0
62.0
22.0
24.0
50.0
26.0
12.0
89.0
68.0
97.0
15.0
52.0
8.0
74.0
27.0
68.0
27.0
97.0
23.0
74.0
20.0
33.0
22.0
86.0
86.0
3.0
25.0
17.0
100.0
58.0
85.0
91.0
50.0
62.0
61.0
90.0
48.0
64.0
5.0
49.0
8.0
68.0
27.0
65.0
83.0
33.0
62.0
68.0
68.0
20.0
77.0
12.0
27.0
97.0
78.0
9.0
81.0
13.0
97.0
79.0
64.0
16.0
87.0
79.0
89.0
78.0
68.0
49.0
1.0
84.0
10.0
56.0
39.0
65.0
75.0
91.0
98.0
68.0
40.0
46.0
51.0
28.0
14.0
62.0
77.0
60.0
36.0
23.0
58.0
98.0
36.0
89.0
38.0
92.0
24.0
77.0
67.0
66.0
98.0
4.0
67.0
55.0
73.0
78.0
47.0
32.0
75.0
9.0
78.0
42.0
6.0
7.0
39.0
62.0
5.0
76.0
65.0
54.0
12.0
26.0
22.0
82.0
79.0
91.0
22.0
64.0
8.0
25.0
1.0
92.0
89.0
26.0
51.0
100.0
68.0
79.0
1.0
74.0
77.0
36.0
96.0
3.0
94.0
69.0
11.0
70.0
36.0
73.0
57.0
11.0
89.0
58.0
5.0
22.0
77.0
29.0
89.0
31.0
71.0
13.0
49.0
24.0
72.0
29.0
11.0
77.0
77.0
78.0
21.0
50.0
37.0
23.0
4.0
76.0
3.0
98.0
84.0
1.0
84.0
94.0
8.0
12.0
31.0
74.0
38.0
42.0
55.0
62.0
47.0
34.0
36.0
14.0
64.0
99.0