37.0
27.0
27.0
87.0
8.0
97.0
12.0
24.0
79.0
66.0
34.0
89.0
49.0
54.0
11.0
5.0
84.0
14.0
93.0
75.0
42.0
64.0
33.0
28.0
29.0
24.0
5.0
100.0
28.0
15.0
81.0
18.0
99.0
91.0
14.0
44.0
100.0
60.0
75.0
16.0
58.0
32.0
59.0
71.0
89.0
30.0
46.0
59.0
3.0
20.0
8.0
97.0
36.0
62.0
84.0
62.0
77.0
21.0
40.0
62.0
30.0
81.0
56.0
1.0
47.0
28.0
76.0
43.0
75.0
15.0
19.0
71.0
39.0
71.0
34.0
33.0
22.0
20.0
27.0
8.0
89.0
12.0
28.0
67.0
7.0
73.0
78.0
100.0
86.0
14.0
75.0
23.0
75.0
91.0
26.0
78.0
34.0
33.0
21.0
74.0
16.0
89.0
87.0
17.0
78.0
8.0
13.0
59.0
4.0
60.0
39.0
78.0
3.0
62.0
65.0
5.0
32.0
41.0
7.0
14.0
6.0
29.0
80.0
41.0
4.0
86.0
9.0
65.0
14.0
24.0
21.0
71.0
82.0
21.0
48.0
80.0
21.0
13.0
8.0
14.0
73.0
71.0
23.0
41.0
64.0
58.0
48.0
35.0
68.0
65.0
73.0
37.0
78.0
15.0
83.0
38.0
36.0
76.0
33.0
36.0
32.0
81.0
90.0
85.0
56.0
64.0
9.0
96.0
28.0
65.0
59.0
50.0
43.0
60.0
100.0
25.0
54.0
26.0
34.0
15.0
49.0
99.0
72.0
95.0
17.0
19.0
96.0
35.0
4.0
31.0
64.0
82.0
12.0
12.0
71.0
74.0
64.0
19.0
84.0
96.0
76.0
56.0
77.0
72.0
86.0
3.0
42.0
28.0
57.0
94.0
44.0
64.0
82.0
62.0
23.0
49.0
26.0
26.0
56.0
24.0
88.0
24.0
76.0
30.0
55.0
15.0
17.0
64.0
10.0
14.0
23.0
1.0
31.0
86.0
27.0
32.0
25.0
43.0
41.0
40.0
73.0
28.0
4.0
80.0
73.0
84.0
73.0
66.0
13.0
66.0
1.0
46.0
71.0
19.0
62.0
3.0
66.0
47.0
41.0
84.0
21.0
74.0
54.0
32.0
72.0
21.0
75.0
84.0
78.0
87.0
25.0
60.0
90.0
84.0
28.0
48.0
28.0
83.0
91.0
94.0
82.0
72.0
50.0
32.0
34.0
4.0
75.0
67.0
8.0
80.0
13.0
96.0
84.0
37.0
72.0
32.0
73.0
18.0
6.0
6.0
12.0
47.0
72.0
28.0
23.0
87.0
17.0
85.0
15.0
21.0
26.0
47.0
82.0
72.0
1.0
57.0
89.0
51.0
30.0
9.0
65.0
1.0
29.0
80.0
33.0
55.0
88.0
8.0
100.0
18.0
73.0
18.0
69.0
51.0
72.0
44.0
24.0
33.0
45.0
91.0
30.0
57.0
73.0
3.0
38.0
32.0
73.0
5.0
15.0
21.0
78.0
3.0
18.0
5.0
4.0
75.0
27.0
40.0
89.0
92.0
64.0
75.0
66.0
36.0
65.0
100.0
11.0
100.0
64.0
14.0
89.0
48.0
26.0
77.0
4.0
88.0
61.0
61.0
76.0
14.0
26.0
15.0
78.0
20.0
16.0
76.0
27.0
26.0
63.0
75.0
16.0
99.0
38.0
20.0
21.0
98.0
29.0
12.0
20.0
56.0
77.0
39.0
70.0
96.0
56.0
36.0
48.0
66.0
20.0
44.0
99.0
10.0
49.0
37.0
85.0
89.0
72.0
94.0
85.0
73.0
86.0
3.0
47.0
20.0
39.0
86.0
52.0
20.0
65.0
75.0
36.0
16.0
84.0
41.0
58.0
74.0
44.0
31.0
75.0
91.0
96.0
86.0
33.0
73.0
91.0
44.0
31.0
44.0
33.0
27.0
29.0
39.0
1.0
62.0
20.0
61.0
16.0
81.0
49.0
27.0
52.0
44.0
53.0
61.0
69.0
82.0
71.0
83.0
24.0
14.0
5.0
44.0
75.0
47.0
92.0
41.0
27.0
14.0
3.0
42.0
1.0
3.0
82.0
12.0
19.0
6.0
96.0
17.0
54.0
42.0
5.0
61.0
43.0
66.0
100.0
23.0
54.0
61.0
1.0
89.0
58.0
23.0
31.0
31.0
11.0
53.0
61.0
70.0
75.0
43.0
25.0
28.0
47.0
27.0
62.0
10.0
14.0
38.0
13.0
27.0
38.0
18.0
24.0
72.0
71.0
98.0
64.0
49.0
68.0
5.0
3.0
19.0
4.0
96.0
16.0
52.0
89.0
76.0
92.0
81.0
80.0
79.0
68.0
99.0
16.0
3.0
45.0
72.0
89.0
52.0
41.0
81.0
67.0
31.0
69.0
83.0
7.0
75.0
17.0
17.0
5.0
35.0
67.0
87.0
97.0
22.0
92.0
21.0
40.0
13.0
42.0
4.0
52.0
25.0
56.0
86.0
3.0
36.0
52.0
21.0
29.0
91.0
76.0
45.0
14.0
71.0
91.0
37.0
71.0
94.0
30.0
93.0
10.0
100.0
98.0
5.0
60.0
73.0
73.0
73.0
31.0
68.0
61.0
67.0
67.0
69.0
85.0
29.0
96.0
30.0
15.0
24.0
37.0
97.0
8.0
75.0
18.0
40.0
43.0
12.0
98.0
70.0
49.0
96.0
77.0
85.0
2.0
23.0
33.0
27.0
41.0
64.0
39.0
42.0
71.0
68.0
16.0
80.0
33.0
84.0
20.0
46.0
77.0
73.0
32.0
85.0
25.0
97.0
85.0
38.0
16.0
12.0
59.0
77.0
88.0
98.0
23.0
78.0
22.0
11.0
45.0
45.0
19.0
75.0
21.0
24.0
31.0
20.0
41.0
66.0
20.0
83.0
43.0
40.0
15.0
97.0
20.0
82.0
82.0
49.0
99.0
72.0
47.0
16.0
86.0
50.0
63.0
81.0
62.0
70.0
97.0
62.0
23.0
48.0
31.0
51.0
88.0
30.0
40.0
27.0
13.0
57.0
34.0
77.0
78.0
79.0
32.0
58.0
54.0
26.0
77.0
16.0
65.0
46.0
17.0
96.0
50.0
22.0
49.0
89.0
52.0
65.0
77.0
64.0
96.0
37.0
56.0
35.0
94.0
82.0
39.0
19.0
25.0
71.0
19.0
41.0
83.0
92.0
28.0
64.0
81.0
15.0
87.0
27.0
42.0
41.0
33.0
61.0
51.0
8.0
27.0
89.0
78.0
43.0
14.0
56.0
16.0
4.0
73.0
62.0
35.0
26.0
17.0
98.0
26.0
59.0
16.0
49.0
21.0
8.0
88.0
94.0
75.0
35.0
69.0
36.0
16.0
76.0
14.0
61.0
51.0
73.0
27.0
68.0
22.0
64.0
3.0
38.0
24.0
99.0
99.0
48.0
6.0
94.0
100.0
73.0
62.0
100.0
75.0
48.0
18.0
15.0
6.0
92.0
60.0
46.0
20.0
22.0
3.0
44.0
20.0
83.0
44.0
49.0
97.0
56.0
39.0
4.0
30.0
84.0
84.0
28.0
74.0
20.0
30.0
22.0
1.0
46.0
92.0
27.0
44.0
28.0
4.0
66.0
19.0
18.0
21.0
26.0
89.0
87.0
69.0
98.0
31.0
2.0
78.0
40.0
13.0
77.0
86.0
17.0
96.0
20.0
98.0
28.0
42.0
92.0
25.0
64.0
32.0
28.0
72.0
39.0
97.0
87.0
17.0
100.0
57.0
83.0
86.0
14.0
24.0
22.0
87.0
85.0
22.0
35.0
24.0
76.0
78.0
77.0
11.0
72.0
61.0
94.0
20.0
58.0
51.0
25.0
65.0
13.0
33.0
27.0
69.0
13.0
3.0
56.0
26.0
61.0
87.0
58.0
11.0
70.0
24.0
26.0
13.0
100.0
33.0
48.0
79.0
19.0
72.0
43.0
1.0
27.0
16.0
46.0
20.0
29.0
62.0
94.0
55.0
71.0
17.0
25.0
62.0
100.0
11.0
79.0
39.0
83.0
100.0
34.0
8.0
94.0
31.0
10.0
46.0
13.0
71.0
96.0
85.0
62.0
96.0
99.0
30.0
63.0
42.0
79.0
73.0
56.0
17.0
41.0
23.0
82.0
26.0
67.0
44.0
25.0
100.0
24.0
60.0
74.0
15.0
72.0
89.0
26.0
67.0
4.0
51.0
12.0
16.0
29.0
2.0
10.0
76.0
7.0
14.0
29.0
6.0
89.0
5.0
30.0
25.0
41.0
3.0
85.0
26.0
28.0
43.0
3.0
67.0
73.0
100.0
76.0
66.0
39.0
13.0
21.0
97.0
63.0
98.0
92.0
37.0
42.0
84.0
49.0
35.0
88.0
3.0
15.0
1.0
75.0
44.0
32.0
90.0
65.0
31.0
28.0
14.0
56.0
62.0
75.0
96.0
78.0
32.0
22.0
37.0
30.0
20.0
100.0
6.0
12.0
67.0
97.0
67.0
28.0
44.0
89.0
62.0
12.0
24.0
13.0
26.0
21.0
31.0
71.0
26.0
24.0
38.0
37.0
21.0
27.0
22.0
89.0
75.0
34.0
30.0
32.0
33.0
80.0
1.0
23.0
36.0
5.0
56.0
11.0
56.0
52.0
34.0
44.0
98.0
21.0
86.0
87.0
21.0
64.0
64.0
23.0
62.0
61.0
69.0
4.0
13.0
78.0
83.0
20.0
24.0
16.0
95.0
59.0
85.0
76.0
97.0
97.0
27.0
62.0
92.0
75.0
75.0
28.0
56.0
28.0
69.0
83.0
58.0
40.0
89.0
93.0
72.0
98.0
21.0
57.0
28.0
7.0
92.0
9.0
36.0
82.0
11.0
100.0
46.0
47.0
98.0
69.0
5.0
85.0
40.0
58.0
97.0
60.0
52.0
86.0
72.0
89.0
6.0
81.0
19.0
92.0
63.0
73.0
52.0
82.0
87.0
66.0
14.0
83.0
30.0
40.0
87.0
76.0
96.0
18.0
84.0
1.0
34.0
83.0
46.0
72.0
19.0
5.0
75.0
51.0
25.0
23.0
98.0
72.0
75.0
45.0
56.0
56.0
82.0
45.0
64.0
22.0
16.0
5.0
29.0
17.0
22.0
6.0
36.0
78.0
87.0
76.0
53.0
6.0
55.0
99.0
20.0
27.0
61.0
4.0
73.0
54.0
54.0
90.0
64.0
68.0
39.0
13.0
17.0
56.0
14.0
1.0
97.0
3.0
80.0
98.0
86.0
38.0
94.0
33.0
84.0
69.0
96.0
84.0
41.0
3.0
50.0
77.0
42.0
47.0
46.0
20.0
12.0
84.0
33.0
62.0
30.0
11.0
81.0
27.0
82.0
58.0
100.0
75.0
19.0
73.0
59.0
39.0
38.0
69.0
68.0
87.0
31.0
81.0
23.0
53.0
13.0
54.0