1529233.0
2223692.0
1840969.0
1703038.0
1849153.0
1696356.0
1680386.0
1686024.0
1781490.0
1703038.0
1479404.0
1909519.0
1555403.0
1740862.0
1592113.0
2143143.0
1891834.0
1559456.0
1479013.0
1990010.0
1909519.0
1396759.0
1592113.0
1559456.0
1380954.0
1544585.0
1402362.0
1655721.0
1578148.0
1402362.0
1365939.0
2110304.0
1680386.0
1536462.0
1655721.0
1563322.0
1936576.0
2158091.0
1714556.0
1444648.0
1669402.0
2141200.0
1859829.0
1866115.0
1485698.0
1830706.0
1459359.0
1666265.0
1552478.0
1853838.0
1859829.0
1948452.0
1703038.0
1504878.0
1402362.0
1812125.0
2237235.0
2042697.0
1888824.0
2253906.0
1990010.0
2090026.0
2210475.0
1830706.0
2237235.0
2210475.0
1544585.0
2141200.0
1396759.0
1777909.0
1513649.0
2061436.0
2106843.0
1559456.0
1559456.0