50.0
71.0
72.0
1.0
65.0
93.0
87.0
77.0
31.0
66.0
78.0
99.0
36.0
16.0
18.0
52.0
18.0
25.0
99.0
68.0
61.0
63.0
17.0
49.0
61.0
39.0
9.0
89.0
87.0
23.0
62.0
18.0
24.0
14.0
41.0
85.0
48.0
3.0
46.0
78.0
64.0
26.0
15.0
93.0
71.0
96.0
72.0
64.0
79.0
87.0
100.0
46.0
31.0
82.0
61.0
17.0
72.0
21.0
45.0
25.0
78.0
98.0
50.0
99.0
5.0
14.0
50.0
5.0
29.0
64.0
69.0
29.0
99.0
73.0
20.0
85.0
30.0
19.0
90.0
64.0
39.0
35.0
96.0
51.0
72.0
38.0
93.0
78.0
17.0
31.0
10.0
78.0
65.0
37.0
89.0
99.0
30.0
77.0
62.0
94.0
15.0
12.0
99.0
84.0
85.0
12.0
65.0
34.0
97.0
55.0
51.0
62.0
83.0
29.0
13.0
99.0
74.0
27.0
31.0
62.0
31.0
80.0
64.0
13.0
100.0
3.0
89.0
77.0
99.0
89.0
10.0
14.0
8.0
77.0
86.0
71.0
8.0
39.0
70.0
58.0
67.0
33.0
65.0
7.0
9.0
59.0
11.0
81.0
91.0
89.0
8.0
33.0
31.0
13.0
97.0
72.0
3.0
31.0
21.0
78.0
14.0
53.0
100.0
25.0
9.0
12.0
20.0
72.0
76.0
60.0
68.0
3.0
22.0
64.0
82.0
26.0
3.0
71.0
45.0
73.0
49.0
66.0
64.0
75.0
14.0
98.0
67.0
16.0
65.0
78.0
45.0
49.0
60.0
19.0
28.0
100.0
4.0
10.0
62.0
89.0
89.0
52.0
79.0
24.0
48.0
93.0
85.0
58.0
51.0
21.0
96.0
4.0
73.0
81.0
15.0
66.0
66.0
5.0
24.0
15.0
58.0
71.0
84.0
83.0
59.0
46.0
19.0
3.0
77.0
43.0
6.0
17.0
15.0
64.0
27.0
69.0
98.0
77.0
89.0
84.0
71.0
77.0
86.0
87.0
45.0
91.0
19.0
21.0
13.0
59.0
31.0
71.0
44.0
77.0
79.0
81.0
64.0
11.0
68.0
84.0
37.0
36.0
73.0
27.0
92.0
76.0
82.0
16.0
25.0
11.0
54.0
72.0
30.0
62.0
94.0
87.0
19.0
81.0
51.0
20.0
22.0
59.0
32.0
45.0
19.0
19.0
44.0
86.0
62.0
8.0
100.0
79.0
44.0
92.0
39.0
50.0
13.0
76.0
77.0
84.0
61.0
64.0
5.0
41.0
89.0
97.0
31.0
40.0
9.0
3.0
69.0
77.0
40.0
6.0
32.0
60.0
87.0
89.0
67.0
8.0
20.0
73.0
57.0
20.0
96.0
78.0
10.0
40.0
68.0
4.0
14.0
32.0
96.0
90.0
77.0
15.0
51.0
69.0
41.0
78.0
16.0
15.0
21.0
21.0
13.0
16.0
78.0
32.0
33.0
97.0
34.0
56.0
6.0
89.0
15.0
44.0
91.0
51.0
51.0
8.0
59.0
3.0
95.0
60.0
24.0
83.0
89.0
73.0
10.0
39.0
71.0
17.0
96.0
3.0
13.0
89.0
82.0
16.0
66.0
7.0
12.0
28.0
19.0
62.0
22.0
13.0
86.0
53.0
26.0
29.0
26.0
88.0
24.0
81.0
4.0
70.0
27.0
49.0
27.0
5.0
51.0
47.0
41.0
44.0
83.0
27.0
81.0
15.0
68.0
43.0
90.0
1.0
7.0
84.0
87.0
71.0
51.0
84.0
90.0
25.0
27.0
56.0
45.0
44.0
46.0
53.0
44.0
4.0
32.0
98.0
75.0
5.0
30.0
100.0
23.0
72.0
11.0
84.0
1.0
28.0
10.0
81.0
86.0
94.0
41.0
39.0
76.0
62.0
33.0
24.0
3.0
30.0
80.0
17.0
67.0
83.0
96.0
88.0
14.0
75.0
78.0
62.0
80.0
75.0
82.0
39.0
45.0
54.0
56.0
85.0
31.0
46.0
70.0
68.0
66.0
86.0
91.0
88.0
27.0
41.0
90.0
29.0
86.0
51.0
1.0
96.0
24.0
94.0
27.0
16.0
67.0
93.0
91.0
68.0
32.0
75.0
5.0
27.0
33.0
53.0
45.0
39.0
58.0
59.0
32.0
46.0
27.0
77.0
33.0
8.0
11.0
54.0
76.0
73.0
71.0
45.0
41.0
38.0
56.0
76.0
10.0
59.0
53.0
73.0
58.0
70.0
6.0
56.0
16.0
15.0
16.0
72.0
100.0
49.0
56.0
17.0
19.0
30.0
58.0
94.0
11.0
34.0
4.0
71.0
97.0
20.0
32.0
89.0
64.0
81.0
84.0
30.0
12.0
78.0
95.0
64.0
27.0
22.0
27.0
100.0
91.0
56.0
30.0
76.0
97.0
6.0
13.0
96.0
17.0
46.0
95.0
16.0
12.0
25.0
4.0
72.0
26.0
65.0
13.0
34.0
39.0
41.0
29.0
22.0
81.0
40.0
20.0
27.0
80.0
95.0
65.0
68.0
1.0
64.0
100.0
67.0
73.0
39.0
86.0
82.0
35.0
30.0
73.0
8.0
7.0
64.0
72.0
27.0
14.0
8.0
56.0
47.0
27.0
4.0
51.0
46.0
67.0
41.0
83.0
26.0
20.0
93.0
88.0
32.0
27.0
99.0
63.0
71.0
63.0
86.0
42.0
6.0
26.0
77.0
4.0
34.0
59.0
75.0
41.0
64.0
99.0
79.0
44.0
35.0
86.0
21.0
45.0
41.0
72.0
41.0
82.0
80.0
20.0
41.0
3.0
5.0
39.0
43.0
17.0
77.0
75.0
73.0
80.0
11.0
79.0
7.0
94.0
6.0
81.0
11.0
83.0
25.0
30.0
48.0
14.0
40.0
5.0
13.0
4.0
32.0
39.0
63.0
24.0
17.0
41.0
68.0
91.0
66.0
33.0
32.0
62.0
26.0
32.0
14.0
8.0
96.0
65.0
30.0
34.0
46.0
49.0
49.0
49.0
16.0
15.0
11.0
47.0
81.0
97.0
65.0
3.0
77.0
34.0
51.0
27.0
91.0
75.0
96.0
62.0
76.0
45.0
89.0
75.0
70.0
39.0
1.0
82.0
99.0
8.0
35.0
32.0
62.0
35.0
64.0
11.0
89.0
51.0
86.0
99.0
45.0
96.0
5.0
85.0
45.0
21.0
86.0
7.0
86.0
71.0
4.0
64.0
89.0
58.0
49.0
99.0
70.0
57.0
77.0
45.0
67.0
85.0
31.0
41.0
57.0
85.0
100.0
98.0
94.0
36.0
69.0
41.0
75.0
4.0
28.0
59.0
71.0
98.0
60.0
26.0
77.0
1.0
29.0
35.0
27.0
79.0
73.0
23.0
59.0
26.0
99.0
45.0
77.0
91.0
89.0
96.0
50.0
77.0
87.0
76.0
9.0
21.0
29.0
87.0
87.0
69.0
36.0
36.0
45.0
73.0
72.0
9.0
73.0
61.0
80.0
64.0
14.0
2.0
30.0
15.0
13.0
75.0
86.0
24.0
48.0
83.0
21.0
88.0
5.0
85.0
83.0
32.0
46.0
71.0
45.0
37.0
20.0
20.0
45.0
31.0
22.0
1.0
58.0
62.0
27.0
51.0
72.0
72.0
30.0
63.0
25.0
12.0
38.0
8.0
92.0
3.0
37.0
98.0
74.0
65.0
27.0
43.0
77.0
26.0
96.0
27.0
29.0
39.0
28.0
17.0
17.0
78.0
60.0
56.0
31.0
23.0
57.0
90.0
19.0
70.0
97.0
17.0
25.0
99.0
72.0
57.0
81.0
32.0
86.0
75.0
36.0
28.0
80.0
44.0
16.0
44.0
96.0
6.0
86.0
7.0
72.0
98.0
3.0
65.0
89.0
47.0
19.0
94.0
97.0
31.0
23.0
76.0
37.0
78.0
10.0
64.0
42.0
85.0
47.0
3.0
91.0
22.0
60.0
58.0
20.0
93.0
83.0
56.0
99.0
9.0
50.0
29.0
57.0
100.0
73.0
47.0
21.0
96.0
70.0
89.0
28.0
64.0
12.0
76.0
67.0
9.0
20.0
74.0
72.0
13.0
21.0
78.0
24.0
72.0
34.0
62.0
41.0
78.0
30.0
12.0
3.0
9.0
20.0
66.0
5.0
54.0
29.0
16.0
28.0
50.0
12.0
45.0
68.0
27.0
34.0
89.0
87.0
84.0
2.0
29.0
54.0
77.0
11.0
64.0
83.0
26.0
13.0
50.0
86.0
23.0
40.0
69.0
99.0
35.0
71.0
18.0
32.0
90.0
75.0
72.0
92.0
72.0
7.0
20.0
30.0
65.0
38.0
54.0
36.0
78.0
32.0
23.0
73.0
75.0
86.0
84.0
87.0
1.0
52.0
37.0
24.0
90.0
15.0
18.0
97.0
39.0
7.0
96.0
52.0
27.0
26.0
6.0
14.0
26.0
82.0
69.0
96.0
30.0
42.0
42.0
54.0
81.0
17.0
83.0
36.0
62.0
86.0
32.0
19.0
67.0
11.0
5.0
93.0
50.0
45.0
26.0
98.0
95.0
78.0
20.0
43.0
68.0
45.0
21.0
89.0
71.0
31.0
62.0
64.0
45.0
89.0
28.0
46.0
12.0
14.0
56.0
44.0
86.0
31.0
97.0
84.0
39.0
77.0
27.0
22.0
14.0
93.0
78.0
66.0
14.0
16.0
38.0
2.0
29.0
11.0
15.0
15.0
19.0
8.0
26.0
100.0
82.0
76.0
1.0
34.0
16.0
51.0
68.0
32.0
24.0
91.0
76.0
4.0
45.0
1.0
48.0
27.0
85.0
91.0
12.0
68.0
43.0
62.0
85.0
41.0
47.0
97.0
26.0
5.0
69.0
28.0
36.0
30.0
58.0
92.0
16.0
36.0
92.0
64.0
11.0
22.0
12.0
42.0
61.0
11.0
34.0
29.0
68.0
50.0
27.0
32.0
1.0
74.0
11.0
89.0
82.0
51.0
12.0
35.0
40.0
73.0
75.0
94.0
38.0
18.0
88.0
56.0
13.0
5.0
77.0
85.0
80.0
13.0
87.0
61.0
54.0
24.0
23.0
43.0
86.0
21.0
52.0
14.0
58.0
8.0
3.0
82.0
8.0
20.0
84.0
96.0
64.0
46.0
56.0
3.0
38.0
80.0
6.0
62.0
90.0
21.0
29.0
33.0
73.0
87.0
36.0
44.0
3.0
99.0
72.0
4.0
27.0
30.0
92.0
58.0
16.0
60.0
46.0
23.0
24.0
5.0
89.0
71.0
17.0
32.0
79.0
77.0
24.0
11.0
75.0
83.0
89.0
1.0
58.0
81.0
7.0
100.0
89.0
58.0
26.0
83.0
69.0
56.0
44.0
81.0
87.0
67.0
93.0
36.0
11.0
20.0
87.0
47.0
4.0
79.0
25.0
38.0
51.0
100.0
4.0
96.0
81.0
45.0
70.0
14.0
82.0
64.0
9.0
13.0
84.0
81.0
87.0
16.0
3.0
72.0
66.0
19.0
84.0
9.0
27.0
92.0
64.0
31.0
60.0
22.0
75.0
34.0
11.0
28.0
47.0
50.0
46.0
27.0
14.0
24.0
33.0
51.0
71.0
8.0
3.0
76.0
87.0
12.0
57.0
80.0
60.0
89.0
26.0
56.0
28.0
54.0
87.0
88.0
45.0
50.0
30.0
99.0
99.0
28.0
19.0
81.0
69.0
20.0
59.0
11.0
21.0
62.0
27.0
84.0
40.0
4.0
47.0
44.0
78.0
14.0
49.0
98.0
56.0
89.0
75.0
12.0
85.0
89.0
15.0
15.0
26.0
99.0
71.0
100.0
86.0
27.0
100.0
6.0
93.0
62.0
97.0
47.0
16.0
97.0
44.0
69.0
69.0
68.0
91.0
89.0
14.0
67.0
27.0
29.0
6.0
89.0
47.0
81.0
15.0
99.0
41.0
26.0
9.0
73.0
29.0
71.0
94.0
45.0
46.0
91.0
47.0
52.0
14.0
71.0
51.0
88.0
39.0
93.0
46.0
69.0
14.0
12.0
31.0
12.0
16.0
80.0
85.0
56.0
38.0
57.0
47.0
1.0
72.0
14.0
25.0
6.0
76.0
36.0
27.0
53.0
44.0
24.0
51.0
64.0
87.0
97.0
8.0
21.0
64.0
27.0
27.0
33.0
28.0
64.0
55.0
68.0
66.0
5.0
62.0
28.0
17.0
7.0
35.0
88.0
5.0
72.0
41.0
38.0
14.0
97.0
64.0
85.0
71.0
39.0
64.0
47.0
72.0
30.0
14.0
87.0
33.0
64.0
48.0
41.0
87.0
37.0
97.0
93.0
99.0
30.0
7.0
56.0
95.0
30.0
69.0
3.0
88.0
7.0
27.0
82.0
45.0
72.0
82.0
86.0
20.0
61.0
63.0
67.0
72.0
78.0
28.0
23.0
24.0
71.0
64.0
100.0
42.0
77.0
45.0
29.0
29.0
3.0
87.0
67.0
73.0
51.0
51.0
52.0
14.0
56.0
66.0
75.0
87.0
93.0
83.0
19.0
16.0
88.0
49.0
42.0
48.0
28.0
56.0
71.0
32.0
24.0
11.0
83.0
18.0
34.0
13.0
73.0
30.0
91.0
89.0
58.0
64.0
4.0
4.0
19.0
41.0
76.0
78.0
58.0
89.0
13.0
67.0
75.0
86.0
80.0
64.0
17.0
22.0
76.0
39.0
81.0
17.0
73.0
98.0
65.0
78.0
64.0
99.0
5.0
25.0
45.0
76.0
27.0
5.0
87.0
22.0
30.0
71.0
87.0
97.0
59.0
84.0
77.0
67.0
73.0
32.0
72.0
62.0
3.0
2.0
62.0
94.0
4.0
49.0
13.0
23.0
9.0
15.0
70.0
52.0
72.0
73.0
61.0
75.0
77.0
84.0
11.0
4.0
45.0
61.0
74.0
83.0
12.0
23.0
69.0
54.0
12.0
30.0
99.0
93.0
78.0
25.0
22.0
71.0
99.0
93.0
25.0
32.0
83.0
68.0
32.0
78.0
22.0
1.0
45.0
70.0
68.0
85.0
30.0
26.0
93.0
51.0
14.0
85.0
27.0
64.0
6.0
10.0
80.0
30.0
8.0
79.0
93.0
46.0
49.0
7.0
15.0
64.0
47.0
33.0
84.0
64.0
92.0
53.0
94.0
96.0
68.0
21.0
97.0
93.0
1.0
30.0
4.0
14.0
91.0
42.0
33.0
87.0
89.0
47.0
90.0
22.0
82.0
48.0
21.0
100.0
69.0
91.0
6.0
16.0
22.0
78.0
44.0
65.0
21.0
31.0
75.0
19.0
80.0
73.0
52.0
56.0
75.0
76.0
96.0
60.0
11.0
17.0
44.0
76.0
11.0
3.0
100.0
9.0
40.0
21.0
75.0
22.0
77.0
27.0
73.0
28.0
98.0
86.0
27.0
60.0
9.0
52.0
14.0
62.0
47.0
23.0
61.0
63.0
98.0
87.0
15.0
1.0
20.0
65.0
48.0
60.0
20.0
87.0
30.0
5.0
50.0
41.0
14.0
64.0
28.0
29.0
81.0
34.0
76.0
47.0
64.0
87.0
78.0
85.0
27.0
87.0
15.0
99.0
69.0
25.0
64.0
64.0
13.0
100.0
96.0
78.0
45.0
60.0
74.0
35.0
9.0
98.0
12.0
28.0
5.0
81.0
64.0
21.0
67.0
89.0
24.0
59.0
51.0
4.0
17.0
92.0
96.0
35.0
83.0
88.0
71.0
26.0
98.0
11.0
93.0
53.0
91.0
56.0
78.0
99.0
37.0
73.0
11.0
26.0
31.0
87.0
3.0
49.0
21.0
72.0
7.0
60.0
27.0
23.0
17.0
31.0
32.0
99.0
89.0
39.0
41.0
31.0
96.0
57.0
69.0
68.0
74.0
34.0
40.0
53.0
56.0
69.0
64.0
4.0
25.0
16.0
83.0
84.0
4.0
36.0
83.0
21.0
4.0
76.0
4.0
62.0
93.0
44.0
84.0
56.0
49.0
58.0
68.0
90.0
20.0
83.0
34.0
24.0
73.0
78.0
50.0
1.0
77.0
41.0
45.0
67.0
87.0
69.0
85.0
56.0
86.0
50.0
86.0
3.0
75.0
34.0
49.0
51.0
71.0
85.0
48.0
11.0
39.0
51.0
90.0
73.0
33.0
19.0
81.0
23.0
21.0
100.0
44.0
64.0
98.0
69.0
86.0
71.0
13.0
100.0
53.0
39.0
45.0
28.0
43.0
10.0
42.0
32.0
17.0
87.0
28.0
39.0
8.0
68.0
83.0
41.0
27.0
16.0
84.0
64.0
77.0
72.0
56.0
89.0
34.0
72.0
68.0
97.0
4.0
67.0
80.0
21.0
38.0
2.0
14.0
77.0
50.0
80.0
74.0
98.0
77.0
92.0
72.0
26.0
64.0
21.0
72.0
97.0
14.0
91.0
89.0
84.0
5.0
67.0
21.0
83.0
72.0
62.0
31.0
16.0
1.0
30.0
35.0
73.0
11.0
14.0
98.0
20.0
81.0
65.0
61.0
23.0
39.0
73.0
10.0
22.0
45.0
4.0
15.0
19.0
4.0
41.0
9.0
7.0
29.0
84.0
98.0
97.0
38.0
41.0
16.0
85.0
44.0
90.0
26.0
71.0
59.0
13.0
78.0
38.0
68.0
17.0
85.0
25.0
30.0