0 146.0
17 87.0
34 672.0
51 1337.0
68 31.0
85 559.0
102 2370.0
119 1089.0
136 33.0
153 32.0
170 5495.0
187 904.0
204 1466.0
221 143.0
238 615.0
255 564.0
272 226.0
289 3016.0
306 253.0
323 195.0
340 38.0
357 807.0
374 551.0
391 304.0
408 814.0
425 337.0
442 4368.0
459 577.0
476 482.0
493 495.0
510 231.0
527 322.0
544 685.0
561 12912.0
578 325.0
595 366.0
612 3671.0
629 2213.0
646 705.0
663 328.0
680 1681.0
697 1117.0
714 275.0
731 500.0
748 2241.0
765 733.0
782 222.0
799 49.0
816 1464.0
833 222.0
