0 0 6739.725
0 1 3204.8625
0 2 4914.0
0 3 32372.1125
0 4 1715.4625
0 5 6421.5125
0 6 81972.375
0 7 33391.4625
0 8 2020.8375
0 9 1459.6
0 10 141015.4375
0 11 17684.5
0 12 38207.625
0 13 1953.7375
0 14 17181.5625
0 15 25640.85
0 16 7031.425
0 17 78453.7
0 18 9452.7125
0 19 8597.0625
0 20 1581.275
0 21 23170.9875
0 22 12087.5625
0 23 4883.0
0 24 24063.875
0 25 4124.0375
0 26 281463.0
0 27 11056.7625
0 28 8585.625
0 29 12480.1875
0 30 3727.7625
0 31 4673.025
0 32 13451.6875
0 33 372672.6
0 34 9745.9375
0 35 12055.125
0 36 97602.7125
0 37 60774.5125
0 38 54470.0625
0 39 7146.3
0 40 38011.6125
0 41 39723.3125
0 42 16111.5625
0 43 16981.25
0 44 168663.2625
0 45 57109.8625
0 46 15576.075
0 47 2542.4875
0 48 34056.3
0 49 7095.675
1 0 10355.05
1 1 5457.075
1 2 26409.6
1 3 29982.225
1 4 2152.175
1 5 23701.6
1 6 28499.25
1 7 26544.375
1 8 2480.775
1 9 1995.2
1 10 205925.125
1 11 32069.4
1 12 42477.35
1 13 5044.325
1 14 36054.375
1 15 35602.5
1 16 10492.05
1 17 92515.8
1 18 12441.275
1 19 14113.125
1 20 2030.15
1 21 48702.45
1 22 19877.325
1 23 12851.6
1 24 39682.5
1 25 12148.85
1 26 406770.0
1 27 22113.525
1 28 22449.15
1 29 25455.375
1 30 11116.875
1 31 13346.9
1 32 35106.25
1 33 229188.0
1 34 18070.0
1 35 18181.05
1 36 73603.55
1 37 63568.425
1 38 65177.25
1 39 8618.2
1 40 70728.075
1 41 52917.875
1 42 20714.375
1 43 32575.0
1 44 210766.05
1 45 66703.0
1 46 18481.5
1 47 3928.575
1 48 34221.0
1 49 11999.1
2 0 7650.4
2 1 3845.4
2 2 19622.4
2 3 21024.325
2 4 1577.9
2 5 16197.025
2 6 43134.0
2 7 6370.65
2 8 1869.45
2 9 1402.4
2 10 104130.25
2 11 15322.8
2 12 15319.7
2 13 4089.8
2 14 25399.5
2 15 25154.4
2 16 6305.4
2 17 36644.4
2 18 7754.45
2 19 10500.75
2 20 1326.2
2 21 36072.9
2 22 9670.05
2 23 10822.4
2 24 24603.15
2 25 8180.675
2 26 325852.8
2 27 11424.6
2 28 14122.6
2 29 22151.25
2 30 8229.375
2 31 7880.95
2 32 25927.25
2 33 203364.0
2 34 12049.375
2 35 11400.9
2 36 59561.975
2 37 27330.55
2 38 52117.125
2 39 6428.8
2 40 39587.55
2 41 32225.45
2 42 15620.0
2 43 23312.5
2 44 169251.525
2 45 53124.175
2 46 14368.95
2 47 3020.85
2 48 24448.8
2 49 7886.55
3 0 5219.5
3 1 2396.85
3 2 13876.8
3 3 29681.4
3 4 1061.75
3 5 10383.425
3 6 65767.5
3 7 16770.6
3 8 1324.95
3 9 869.6
3 10 12638.5
3 11 8429.8
3 12 15832.8
3 13 3428.425
3 14 16297.5
3 15 15763.8
3 16 2542.5
3 17 27445.6
3 18 3542.0
3 19 7254.0
3 20 693.5
3 21 26166.975
3 22 3801.9
3 23 8930.0
3 24 11050.05
3 25 5611.05
3 26 253234.8
3 27 5582.475
3 28 7458.95
3 29 19069.875
3 30 5826.975
3 31 4330.9
3 32 17347.625
3 33 322800.0
3 34 7198.75
3 35 5307.0
3 36 83331.7
3 37 30982.0
3 38 40378.875
3 39 7822.8
3 40 15801.4
3 41 13627.4
3 42 11041.25
3 43 16250.0
3 44 131938.875
3 45 40919.725
3 46 10672.65
3 47 2205.0
3 48 31329.6
3 49 4190.25
4 0 5776.125
4 1 2628.4875
4 2 9147.6
4 3 21275.0125
4 4 1250.4625
4 5 7483.6125
4 6 58805.625
4 7 13571.6625
4 8 1525.8375
4 9 1050.8
4 10 46089.3125
4 11 1231.7
4 12 11526.425
4 13 2289.7875
4 14 15828.5625
4 15 18421.65
4 16 3918.275
4 17 23562.5
4 18 5082.1375
4 19 7875.5625
4 20 924.825
4 21 23493.7875
4 22 2252.2125
4 23 6798.2
4 24 13644.675
4 25 2952.9625
4 26 264755.4
4 27 2430.6125
4 28 6609.425
4 29 15598.6875
4 30 4628.6625
4 31 2861.775
4 32 15249.8125
4 33 261306.6
4 34 7592.8125
4 35 7379.475
4 36 65940.3375
4 37 20497.9125
4 38 44494.3125
4 39 5211.1
4 40 16494.8125
4 41 20427.1375
4 42 12598.4375
4 43 16268.75
4 44 144628.5375
4 45 45381.8625
4 46 12024.075
4 47 2361.1875
4 48 21905.1
4 49 4847.925
5 0 6641.175
5 1 3220.0875
5 2 14977.2
5 3 20071.7125
5 4 1363.6125
5 5 12332.9375
5 6 48555.375
5 7 8861.7375
5 8 1646.2875
5 9 1181.2
5 10 66146.0625
5 11 9073.9
5 12 5185.975
5 13 3530.3125
5 14 21148.3125
5 15 21255.75
5 16 4743.175
5 17 23034.7
5 18 6005.5875
5 19 9152.8125
5 20 1063.525
5 21 30494.5125
5 22 5847.4875
5 23 9435.4
5 24 18976.375
5 25 5851.1625
5 26 294457.8
5 27 7436.0875
5 28 10790.775
5 29 19892.8125
5 30 6632.5875
5 31 5655.125
5 32 21192.1875
5 33 229995.0
5 34 9802.8125
5 35 8870.925
5 36 56946.3875
5 37 15076.0625
5 38 47243.8125
5 39 5621.1
5 40 27925.6125
5 41 24504.1875
5 42 13719.0625
5 43 19856.25
5 44 153760.6125
5 45 48057.3125
5 46 12834.375
5 47 2682.1375
5 48 20807.1
5 49 6351.975
6 0 4374.525
6 1 1838.9625
6 2 21848.4
6 3 64292.9875
6 4 1524.0375
6 5 15840.6625
6 6 138615.375
6 7 51550.5375
6 8 1817.0625
6 9 1133.2
6 10 198300.8125
6 11 32781.3
6 12 62653.175
6 13 5553.7625
6 14 7310.8125
6 15 18478.05
6 16 6856.275
6 17 126332.7
6 18 10274.9625
6 19 5467.3125
6 20 1628.775
6 21 14919.4125
6 22 19650.0375
6 23 11943.4
6 24 20197.375
6 25 11613.8625
6 26 211356.6
6 27 19279.0125
6 28 11525.825
6 29 23976.5625
6 30 6476.6625
6 31 9623.775
6 32 16808.1875
6 33 681269.4
6 34 5780.9375
6 35 10865.625
6 36 185247.8375
6 37 97731.6125
6 38 47631.5625
6 39 15256.1
6 40 49862.6625
6 41 41119.5625
6 42 12502.1875
6 43 9331.25
6 44 134768.1375
6 45 52583.5875
6 46 14205.225
6 47 1756.0375
6 48 69009.3
6 49 4903.425
7 0 3847.1
7 1 2266.35
7 2 35330.4
7 3 80186.575
7 4 955.575
7 5 27251.25
7 6 155294.25
7 7 57907.575
7 8 1211.925
7 9 546.4
7 10 220212.125
7 11 41335.4
7 12 71210.95
7 13 8308.3
7 14 21709.5
7 15 8135.7
7 16 7119.0
7 17 141375.0
7 18 10214.875
7 19 6371.625
7 20 1619.75
7 21 33813.3
7 22 23844.525
7 23 18148.8
7 24 24684.55
7 25 17111.175
7 26 210756.0
7 27 25460.125
7 28 20448.85
7 29 34080.75
7 30 11884.95
7 31 14610.75
7 32 32845.75
7 33 810550.8
7 34 10692.5
7 35 10202.25
7 36 222003.725
7 37 114578.075
7 38 34351.125
7 39 19762.0
7 40 62659.275
7 41 40854.275
7 42 7885.625
7 43 20750.0
7 44 109304.775
7 45 39050.575
7 46 10134.3
7 47 1983.275
7 48 86632.2
7 49 6421.35
8 0 6429.475
8 1 3117.8625
8 2 15111.6
8 3 25921.0875
8 4 1318.6625
8 5 12444.7375
8 6 53176.875
8 7 10985.2875
8 8 1593.4875
8 9 1134.8
8 10 58178.3125
8 11 9254.7
8 12 11563.075
8 13 3558.9125
8 14 20779.3125
8 15 20437.95
8 16 4415.475
8 17 11423.1
8 18 5638.7375
8 19 8870.0625
8 20 1008.425
8 21 30655.9125
8 22 6260.7375
8 23 9496.2
8 24 17796.075
8 25 5918.5625
8 26 289434.6
8 27 7551.4875
8 28 10887.175
8 29 19991.8125
8 30 6678.7875
8 31 5719.525
8 32 21329.1875
8 33 258078.6
8 34 9607.8125
8 35 8340.225
8 36 73007.0125
8 37 24757.9375
8 38 46820.8125
8 39 7047.9
8 40 26917.0125
8 41 22884.5375
8 42 13320.3125
8 43 19556.25
8 44 150511.1625
8 45 46994.4625
8 46 12512.475
8 47 2611.0875
8 48 27212.1
8 49 6030.075
9 0 5396.525
9 1 2582.8125
9 2 23679.6
9 3 69206.4625
9 4 1789.0875
9 5 17769.2125
9 6 147325.125
9 7 57376.6875
9 8 2099.2125
9 9 1406.8
9 10 241573.9375
9 11 37595.1
9 12 70496.275
9 13 5947.0125
9 14 12569.0625
9 15 23300.25
9 16 8788.575
9 17 144881.1
9 18 12438.1125
9 19 6729.9375
9 20 1953.675
9 21 11166.8625
9 22 22873.3875
9 23 11616.6
9 24 27157.075
9 25 12852.3375
9 26 239639.4
9 27 22351.5375
9 28 14092.475
9 29 23444.4375
9 30 6101.2875
9 31 11338.425
9 32 15695.0625
9 33 728398.2
9 34 8559.6875
9 35 13994.925
9 36 198738.7625
9 37 109515.8375
9 38 53659.3125
9 39 16305.7
9 40 61965.8625
9 41 50669.9125
9 42 14853.4375
9 43 9543.75
9 44 149278.6125
9 45 58814.0875
9 46 16103.325
9 47 2073.3125
9 48 74352.9
9 49 6801.525
10 0 5219.5
10 1 2296.8
10 2 9828.0
10 3 23096.675
10 4 1133.05
10 5 7029.425
10 6 56998.5
10 7 12741.3
10 8 1395.9
10 9 928.8
10 10 25277.0
10 11 2463.4
10 12 10371.95
10 13 2434.575
10 14 14621.625
10 15 16271.4
10 16 3062.3
10 17 22846.2
10 18 4123.9
10 19 7312.5
10 20 780.9
10 21 22333.725
10 22 0.0
10 23 7106.0
10 24 10541.3
10 25 3268.9
10 26 248102.4
10 27 1601.175
10 28 5916.55
10 29 16099.875
10 30 4440.975
10 31 2398.9
10 32 14693.25
10 33 261790.8
10 34 6353.75
10 35 5984.1
10 36 65986.225
10 37 20525.575
10 38 42775.875
10 39 5658.0
10 40 10086.0
10 41 16196.5
10 42 11550.0
10 43 14550.0
10 44 136084.725
10 45 42605.625
10 46 11183.25
10 47 2174.375
10 48 23899.8
10 49 4001.55
11 0 4182.9
11 1 1779.15
11 2 19303.2
11 3 48700.225
11 4 1015.25
11 5 13919.1
11 6 102384.0
11 7 33595.65
11 8 1275.45
11 9 768.8
11 10 97536.25
11 11 19775.0
11 12 38482.5
11 13 4897.75
11 14 11931.0
11 15 12619.5
11 16 2712.0
11 17 74042.8
11 18 5635.575
11 19 5869.5
11 20 931.95
11 21 20982.0
11 22 10703.175
11 23 10898.4
11 24 5270.65
11 25 9073.725
11 26 222222.0
11 27 11698.675
11 28 8953.15
11 29 22275.0
11 30 6843.375
11 31 6931.05
11 32 19385.5
11 33 512606.4
11 34 4891.25
11 35 4154.1
11 36 137295.4
11 37 63513.1
11 38 39250.875
11 39 11939.2
11 40 22567.425
11 41 20636.575
11 42 10071.875
11 43 13087.5
11 44 124879.725
11 45 40553.225
11 46 10561.65
11 47 1857.1
11 48 51935.4
11 49 2614.05
12 0 7391.25
12 1 5115.6
12 2 57472.8
12 3 135170.7
12 4 2005.7
12 5 45474.65
12 6 259515.0
12 7 105796.35
12 8 1940.4
12 9 1950.4
12 10 461992.125
12 11 79235.6
12 12 135275.15
12 13 13134.55
12 14 39913.5
12 15 35094.9
12 16 17458.5
12 17 274079.0
12 18 21789.625
12 19 9506.25
12 20 3066.6
12 21 56025.975
12 22 46945.2
12 23 28226.4
12 24 59259.2
12 25 29479.075
12 26 124051.2
12 27 49650.85
12 28 37089.9
12 29 50490.0
12 30 18722.55
12 31 26701.85
12 32 53121.75
12 33 1361570.4
12 34 21336.25
12 35 26946.75
12 36 378755.425
12 37 209073.175
12 38 40960.5
12 39 32644.2
12 40 133135.2
12 41 91957.025
12 42 13193.125
12 43 32087.5
12 44 89976.15
12 45 45922.45
12 46 14940.6
12 47 2006.55
12 48 147937.2
12 49 14979.45
13 0 5038.825
13 1 2189.1375
13 2 11180.4
13 3 40527.8125
13 4 1379.8875
13 5 6966.5375
13 6 96429.375
13 7 32220.7875
13 8 1663.6125
13 9 1145.2
13 10 106122.1875
13 11 16712.7
13 12 36631.675
13 13 3283.6375
13 14 11169.9375
13 15 19253.55
13 16 5031.325
13 17 75211.5
13 18 8073.8625
13 19 6695.8125
13 20 1298.175
13 21 17380.7625
13 22 10145.2875
13 23 7117.4
13 24 14845.325
13 25 5623.6875
13 26 238875.0
13 27 9022.8375
13 28 2958.275
13 29 16118.4375
13 30 3693.1125
13 31 3900.225
13 32 10951.4375
13 33 451435.8
13 34 5951.5625
13 35 8459.175
13 36 119995.8125
13 37 58395.5375
13 38 48318.9375
13 39 9417.7
13 40 23134.7625
13 41 31401.6625
13 42 13052.1875
13 43 12481.25
13 44 142499.5875
13 45 49175.1375
13 46 13172.925
13 47 2064.7375
13 48 42986.7
13 49 4503.825
14 0 10349.575
14 1 5399.4375
14 2 22957.2
14 3 60515.9625
14 4 2512.9375
14 5 20326.6375
14 6 131920.125
14 7 60071.9625
14 8 2869.7625
14 9 2314.8
14 10 288418.8125
14 11 41956.9
14 12 77569.725
14 13 4634.9875
14 14 32479.6875
14 15 39867.75
14 16 13093.875
14 17 159433.3
14 18 16239.4375
14 19 13554.9375
14 20 2600.625
14 21 40178.5125
14 22 26881.9125
14 23 7725.4
14 24 44597.025
14 25 13172.4875
14 26 392519.4
14 27 26549.2125
14 28 20575.375
14 29 8049.9375
14 30 8596.0875
14 31 13310.675
14 32 27888.0625
14 33 644793.0
14 34 17830.3125
14 35 21470.475
14 36 174969.0375
14 37 114439.7625
14 38 73399.3125
14 39 13583.3
14 40 81255.3375
14 41 69686.8375
14 42 23103.4375
14 43 27518.75
14 44 224408.1375
14 45 75966.2875
14 46 21287.025
14 47 3788.3125
14 48 64873.5
14 49 12617.925
15 0 6051.7
15 1 2838.375
15 2 15489.6
15 3 52911.775
15 4 1823.575
15 5 10956.4
15 6 118381.5
15 7 46527.525
15 8 2135.925
15 9 1500.8
15 10 185456.25
15 11 28589.0
15 12 55891.25
15 13 4204.2
15 14 14375.625
15 15 24957.0
15 16 8294.2
15 17 114834.2
15 18 11726.55
15 19 7707.375
15 20 1846.8
15 21 15978.6
15 22 17728.425
15 23 7911.6
15 24 26495.7
15 25 8745.15
15 26 261534.0
15 27 16963.8
15 28 9917.15
15 29 17411.625
15 30 3285.975
15 31 7961.45
15 32 7346.625
15 33 575875.2
15 34 9514.375
15 35 13697.55
15 36 155375.075
15 37 87468.825
15 38 55712.625
15 39 12308.2
15 40 47404.2
15 41 47528.35
15 42 15654.375
15 43 12525.0
15 44 160511.625
15 45 61003.925
15 46 16755.45
15 47 2318.925
15 48 56510.4
15 49 7448.1
