17.0
20.0
35.0
4.0
47.0
72.0
76.0
64.0
75.0
41.0
25.0
84.0
16.0
5.0
29.0
98.0
46.0
12.0
75.0
57.0
4.0
21.0
53.0
4.0
28.0
98.0
25.0
76.0
13.0
21.0
6.0
26.0
66.0
26.0
1.0
22.0
49.0
99.0
81.0
75.0
15.0
61.0
4.0
91.0
5.0
19.0
35.0
11.0
64.0
99.0
63.0
52.0
41.0
32.0
75.0
21.0
37.0
21.0
27.0
68.0
32.0
58.0
72.0
41.0
1.0
59.0
2.0
95.0
61.0
93.0
44.0
48.0
43.0
67.0
83.0
11.0
76.0
91.0
4.0
64.0
20.0
13.0
13.0
37.0
87.0
93.0
97.0
77.0
20.0
89.0
27.0
75.0
8.0
26.0
24.0
69.0
16.0
49.0
77.0
75.0
93.0
50.0
31.0
21.0
52.0
40.0
38.0
39.0
2.0
12.0
78.0
12.0
80.0
35.0
25.0
9.0
84.0
75.0
66.0
75.0
68.0
31.0
33.0
80.0
77.0
31.0
21.0
39.0
6.0
56.0
64.0
43.0
61.0
33.0
52.0
35.0
26.0
75.0
16.0
61.0
64.0
62.0
76.0
14.0
67.0
46.0
24.0
97.0
21.0
63.0
65.0
45.0
31.0
8.0
83.0
27.0
37.0
99.0
68.0
99.0
73.0
49.0
27.0
49.0
41.0
83.0
54.0
41.0
41.0
29.0
66.0
99.0
76.0
48.0
99.0
92.0
47.0
97.0
17.0
68.0
49.0
98.0
32.0
26.0
33.0
100.0
13.0
37.0
82.0
25.0
93.0
27.0
72.0
44.0
82.0
11.0
41.0
12.0
66.0
24.0
84.0
97.0
42.0
2.0
67.0
39.0
80.0
23.0
44.0
32.0
85.0
71.0
70.0
61.0
8.0
33.0
25.0
31.0
28.0
75.0
98.0
97.0
71.0
68.0
63.0
3.0
86.0
45.0
75.0
59.0
68.0
46.0
77.0
4.0
12.0
23.0
28.0
39.0
8.0
13.0
71.0
42.0
45.0
64.0
73.0
31.0
30.0
7.0
77.0
43.0
24.0
35.0
99.0
45.0
59.0
98.0
36.0
5.0
100.0
98.0
34.0
64.0
77.0
5.0
78.0
42.0
85.0
75.0
89.0
23.0
94.0
8.0
74.0
77.0
88.0
98.0
18.0
59.0
27.0
65.0
63.0
77.0
61.0
100.0
16.0
22.0
4.0
61.0
28.0
90.0
83.0
52.0
97.0
88.0
69.0
40.0
28.0
87.0
86.0
14.0
86.0
97.0
26.0
14.0
51.0
47.0
73.0
34.0
69.0
21.0
50.0
77.0
66.0
91.0
69.0
84.0
82.0
89.0
71.0
88.0
22.0
71.0
45.0
86.0
14.0
35.0
66.0
71.0
23.0
41.0
3.0
100.0
83.0
2.0
91.0
27.0
14.0
80.0
70.0
84.0
18.0
19.0
77.0
62.0
25.0
47.0
62.0
75.0
83.0
96.0
77.0
90.0
100.0
66.0
76.0
45.0
68.0
22.0
44.0
41.0
70.0
27.0
10.0
85.0
41.0
82.0
7.0
26.0
31.0
14.0
73.0
77.0
88.0
61.0
74.0
77.0
50.0
8.0
49.0
85.0
33.0
63.0
87.0
73.0
83.0
81.0
36.0
50.0
71.0
44.0
6.0
66.0
31.0
69.0
97.0
58.0
36.0
68.0
26.0
44.0
47.0
76.0
22.0
98.0
4.0
41.0
72.0
34.0
65.0
65.0
40.0
12.0
62.0
96.0
12.0
11.0
26.0
53.0
51.0
48.0
9.0
27.0
20.0
98.0
41.0
82.0
21.0
3.0
65.0
25.0
75.0
82.0
99.0
96.0
76.0
98.0
66.0
56.0
18.0
11.0
14.0
20.0
3.0
11.0
54.0
79.0
39.0
72.0
57.0
89.0
51.0
86.0
7.0
61.0
4.0
98.0
47.0
49.0
94.0
15.0
24.0
23.0
76.0
32.0
70.0
36.0
75.0
75.0
19.0
68.0
3.0
76.0
21.0
33.0
98.0
54.0
100.0
19.0
94.0
81.0
12.0
11.0
13.0
36.0
75.0
1.0
69.0
36.0
88.0
78.0
49.0
25.0
22.0
21.0
30.0
67.0
84.0
85.0
18.0
73.0
93.0
76.0
13.0
57.0
71.0
64.0
52.0
26.0
83.0
23.0
33.0
88.0
58.0
41.0
58.0
87.0
13.0
5.0
16.0
15.0
57.0
69.0
53.0
34.0
76.0
31.0
62.0
47.0
99.0
54.0
45.0
99.0
26.0
76.0
44.0
57.0
50.0
89.0
19.0
76.0
22.0
96.0
81.0
73.0
79.0
43.0
36.0
89.0
85.0
68.0
49.0
88.0
16.0
64.0
14.0
65.0
1.0
76.0
24.0
54.0
31.0
11.0
44.0
48.0
68.0
50.0
41.0
62.0
69.0
66.0
24.0
49.0
66.0
56.0
80.0
64.0
93.0
21.0
91.0
4.0
75.0
99.0
43.0
45.0
88.0
62.0
77.0
29.0
2.0
21.0
5.0
29.0
46.0
17.0
36.0
16.0
30.0
14.0
16.0
77.0
35.0
100.0
85.0
68.0
72.0
89.0
71.0
75.0
13.0
77.0
35.0
79.0
75.0
64.0
6.0
4.0
94.0
8.0
72.0
91.0
65.0
16.0
64.0
87.0
32.0
29.0
66.0
77.0
84.0
88.0
92.0
100.0
72.0
27.0
53.0
73.0
65.0
45.0
74.0
14.0
19.0
99.0
62.0
55.0
80.0
39.0
58.0
21.0
11.0
54.0
50.0
64.0
38.0
45.0
81.0
89.0
14.0
9.0
71.0
72.0
11.0
91.0
79.0
36.0
15.0
13.0
80.0
62.0
78.0
5.0
65.0
92.0
24.0
8.0
100.0
45.0
99.0
75.0
99.0
3.0
97.0
27.0
35.0
79.0
85.0
49.0
35.0
24.0
61.0
89.0
11.0
82.0
45.0
78.0
85.0
15.0
49.0
79.0
4.0
56.0
27.0
92.0
41.0
8.0
86.0
65.0
59.0
96.0
76.0
45.0
84.0
90.0
24.0
50.0
25.0
3.0
62.0
54.0
29.0
9.0
68.0
17.0
27.0
78.0
35.0
92.0
25.0
37.0
75.0
39.0
74.0
47.0
91.0
14.0
76.0
80.0
74.0
75.0
82.0
71.0
89.0
78.0
30.0
18.0
66.0
17.0
64.0
62.0
45.0
58.0
21.0
25.0
31.0
46.0
17.0
74.0
21.0
77.0
5.0
12.0
39.0
1.0
30.0
46.0
86.0
21.0
77.0
89.0
69.0
92.0
85.0
23.0
14.0
92.0
72.0
46.0
56.0
87.0
30.0
43.0
68.0
76.0
96.0
46.0
11.0
36.0
62.0
26.0
22.0
85.0
14.0
25.0
4.0
1.0
1.0
84.0
24.0
52.0
79.0
2.0
91.0
24.0
44.0
20.0
84.0
33.0
35.0
11.0
71.0
45.0
78.0
79.0
29.0
27.0
21.0
78.0
68.0
83.0
50.0
75.0
5.0
20.0
57.0
86.0
44.0
28.0
26.0
13.0
57.0
73.0
11.0
33.0
58.0
62.0
100.0
31.0
22.0
33.0
18.0
16.0
72.0
92.0
16.0
36.0
72.0
18.0
47.0
96.0
40.0
69.0
54.0
85.0
16.0
15.0
16.0
27.0
56.0
58.0
79.0
94.0
87.0
53.0
10.0
67.0
82.0
31.0
73.0
39.0
51.0
87.0
14.0
78.0
81.0
24.0
1.0
18.0
68.0
14.0
93.0
11.0
98.0
61.0
91.0
88.0
20.0
35.0
13.0
44.0
75.0
82.0
55.0
14.0
8.0
64.0
89.0
11.0
54.0
42.0
21.0
42.0
77.0
37.0
30.0
73.0
53.0
20.0
64.0
39.0
76.0
41.0
95.0
78.0
21.0
90.0
9.0
48.0
11.0
60.0
78.0
28.0
45.0
75.0
89.0
88.0
69.0
3.0
41.0
21.0
13.0
28.0
85.0
68.0
85.0
89.0
99.0
99.0
62.0
99.0
33.0
71.0
64.0
27.0
42.0
84.0
35.0
67.0
19.0
82.0
64.0
73.0
34.0
7.0
53.0
60.0
25.0
75.0
33.0
77.0
81.0
35.0
23.0
2.0
95.0
39.0
15.0
82.0
33.0
30.0
48.0
77.0
93.0
5.0
41.0
75.0
86.0
21.0
44.0
59.0
31.0
14.0
99.0
40.0
2.0
76.0
18.0
9.0
12.0
90.0
65.0
92.0
33.0
58.0
48.0
89.0
40.0
33.0
38.0
40.0
35.0
4.0
57.0
16.0
30.0
77.0
62.0
71.0
95.0
70.0
78.0
37.0
13.0
8.0
81.0
89.0
100.0
1.0
78.0
73.0
83.0
83.0
94.0
41.0
20.0
11.0
62.0
83.0
62.0
82.0
75.0
91.0
41.0
30.0
83.0
37.0
12.0
78.0
65.0
30.0
77.0
32.0
21.0
88.0
12.0
25.0
86.0
59.0
8.0
73.0
70.0
82.0
45.0
77.0
54.0
68.0
39.0
47.0
23.0
20.0
23.0
76.0
97.0
34.0
96.0
97.0
77.0
100.0
69.0
54.0
61.0
7.0
28.0
93.0
62.0
87.0
24.0
44.0
44.0
32.0
86.0
55.0
93.0
22.0
35.0
87.0
94.0
33.0
94.0
82.0
42.0
7.0
66.0
81.0
76.0
15.0
17.0
69.0
96.0
36.0
45.0
56.0
53.0
83.0
45.0
66.0
11.0
73.0
41.0
36.0
82.0
47.0
16.0
92.0
10.0
39.0
6.0
54.0
34.0
3.0
16.0
43.0
76.0
36.0
72.0
36.0
17.0
64.0
89.0
31.0
7.0
61.0
63.0
5.0
38.0
86.0
99.0
64.0
96.0
85.0
3.0
94.0
20.0
69.0
87.0
62.0
88.0
98.0
62.0
64.0
64.0
69.0
43.0
64.0
72.0
71.0
79.0
32.0
77.0
52.0
60.0
40.0
54.0
9.0
82.0
40.0
72.0
59.0
3.0
43.0
86.0
28.0
47.0
79.0
4.0
81.0
33.0
71.0
21.0
11.0
7.0
99.0
61.0
30.0
66.0
38.0
30.0
98.0
3.0
75.0
17.0
90.0
78.0
45.0
44.0
73.0
58.0
6.0
41.0
16.0
95.0
7.0
1.0
13.0
24.0
84.0
24.0
65.0
15.0
50.0
44.0
20.0
100.0
100.0
15.0
81.0
9.0
45.0
63.0
84.0
85.0
43.0
8.0
27.0
22.0
41.0
72.0
84.0
31.0
21.0
86.0
63.0
38.0
82.0
73.0
43.0
31.0
69.0
54.0
32.0
3.0
41.0
72.0
15.0
13.0
77.0
22.0
75.0
31.0
88.0
56.0
3.0
30.0
16.0
81.0
44.0
13.0
99.0
59.0
73.0
16.0
98.0
29.0
5.0
47.0
62.0
45.0
21.0
27.0
66.0
9.0
5.0
59.0
66.0
57.0
23.0
69.0
96.0
75.0
62.0
18.0
80.0
37.0
94.0
21.0
46.0
52.0
34.0
75.0
98.0
30.0
98.0
31.0
64.0
60.0
71.0
24.0
97.0
44.0
87.0
5.0
66.0
50.0
89.0
64.0
78.0
33.0
60.0
33.0
10.0
13.0
69.0
27.0
19.0
72.0
67.0
67.0
11.0
15.0
78.0
77.0
31.0
86.0
79.0
41.0
8.0
89.0
86.0
77.0
65.0
77.0
65.0
17.0
42.0
14.0
22.0
36.0
89.0
69.0
11.0
71.0
95.0
86.0
28.0
77.0
46.0
54.0
26.0
7.0
27.0
95.0
40.0
92.0
11.0
3.0
57.0
14.0
62.0
14.0
50.0
81.0
65.0
93.0
97.0
24.0
69.0
85.0
64.0
81.0
79.0
44.0
15.0
21.0
27.0
89.0
25.0
18.0
72.0
47.0
40.0
11.0
54.0
20.0
14.0
42.0
44.0
17.0
7.0
71.0
35.0
23.0
99.0
40.0
68.0
89.0
40.0
72.0
43.0
37.0
73.0
91.0
8.0
24.0
60.0
34.0
8.0
37.0
5.0
100.0
93.0
17.0
9.0
32.0
88.0
1.0
18.0
15.0
86.0
35.0
8.0
64.0
31.0
26.0
27.0
89.0
4.0
26.0
71.0
23.0
45.0
51.0
57.0
82.0
63.0
84.0
59.0
67.0
76.0
38.0
8.0
65.0
56.0
90.0
54.0
28.0
15.0
98.0
13.0
9.0
31.0
79.0
41.0
24.0
30.0
78.0
76.0
8.0
59.0
13.0
47.0
68.0
73.0
62.0
41.0
86.0
26.0
59.0
60.0
69.0
69.0
21.0
77.0
96.0
97.0
14.0
77.0
59.0
26.0
82.0
14.0
23.0
68.0
15.0
73.0
51.0
58.0
13.0
99.0
81.0
65.0
60.0
23.0
67.0
86.0
35.0
6.0
25.0
11.0
50.0
94.0
48.0
53.0