30.0
17.0
3.0
59.0
30.0
20.0
99.0
6.0
68.0
64.0
30.0
45.0
8.0
73.0
56.0
27.0
100.0
61.0
79.0
92.0
1.0
21.0
39.0
75.0
51.0
12.0
96.0
14.0
68.0
21.0
71.0
44.0
66.0
96.0
29.0
20.0
96.0
64.0
11.0
55.0
67.0
19.0
99.0
61.0
68.0
85.0
72.0
69.0
26.0
7.0
53.0
87.0
14.0
84.0
35.0
47.0
42.0
25.0
83.0
46.0
35.0
23.0
47.0
11.0
69.0
33.0
76.0
27.0
87.0
86.0
12.0
42.0
29.0
15.0
47.0
14.0
28.0
53.0
27.0
41.0
73.0
75.0
15.0
27.0
71.0
79.0
42.0
73.0
93.0
52.0
14.0
79.0
18.0
96.0
50.0
25.0
13.0
57.0
4.0
45.0
32.0
49.0
66.0
22.0
66.0
77.0
16.0
30.0
99.0
13.0
32.0
59.0
30.0
25.0
100.0
75.0
18.0
11.0
33.0
94.0
29.0
68.0
25.0
28.0
81.0
72.0
97.0
77.0
69.0
22.0
78.0
1.0
51.0
77.0
14.0
29.0
4.0
22.0
52.0
77.0
28.0
34.0
97.0
51.0
26.0
15.0
35.0
21.0
16.0
51.0
7.0
52.0
67.0
73.0
52.0
27.0
65.0
78.0
89.0
17.0
54.0
7.0
12.0
41.0
76.0
98.0
4.0
34.0
75.0
39.0
75.0
98.0
69.0
80.0
30.0
21.0
77.0
42.0
83.0
40.0
40.0
61.0
66.0
80.0
49.0
16.0
81.0
30.0
12.0
62.0
42.0
67.0
94.0
60.0
24.0
97.0
12.0
27.0
62.0
73.0
6.0
20.0
15.0
97.0
71.0
4.0
87.0
31.0
46.0
42.0
87.0
36.0
31.0
5.0
4.0
41.0
93.0
16.0
45.0
49.0
26.0
8.0
8.0
13.0
75.0
3.0
79.0
44.0
98.0
71.0
60.0
47.0
33.0
9.0
65.0
47.0
3.0
89.0
28.0
41.0
97.0
64.0
57.0
42.0
56.0
97.0
62.0
48.0
84.0
5.0
70.0
89.0
29.0
38.0
48.0
3.0
54.0
64.0
37.0
25.0
58.0
83.0
44.0
91.0
33.0
96.0
6.0
9.0
6.0
49.0
31.0
11.0
79.0
63.0
30.0
51.0
68.0
30.0
75.0
75.0
82.0
30.0
12.0
88.0
62.0
20.0
27.0
32.0
30.0
5.0
27.0
7.0
79.0
72.0
82.0
51.0
26.0
35.0
64.0
89.0
11.0
31.0
76.0
37.0
43.0
42.0
62.0
66.0
73.0
32.0
22.0
32.0
64.0
44.0
16.0
29.0
21.0
27.0
89.0
27.0
78.0
31.0
1.0
19.0
11.0
57.0
12.0
26.0
41.0
89.0
17.0
22.0
28.0
68.0
8.0
94.0
18.0
8.0
19.0
30.0
96.0
48.0
99.0
56.0
79.0
28.0
13.0
35.0
18.0
16.0
92.0
34.0
80.0
61.0
86.0
7.0
72.0
69.0
39.0
79.0
87.0
2.0
77.0
24.0
47.0
56.0
76.0
80.0
26.0
37.0
3.0
98.0
81.0
25.0
93.0
21.0
21.0
29.0
80.0
56.0
91.0
92.0
44.0
69.0
32.0
12.0
58.0
72.0
87.0
91.0
56.0
60.0
35.0
16.0
79.0
49.0
34.0
70.0
39.0
73.0
99.0
65.0
28.0
32.0
7.0
41.0
60.0
21.0
85.0
99.0
81.0
20.0
32.0
46.0
68.0
77.0
3.0
56.0
55.0
1.0
89.0
6.0
48.0
83.0
89.0
90.0
73.0
70.0
21.0
73.0
27.0
56.0
73.0
10.0
70.0
17.0
79.0
84.0
96.0
71.0
4.0
83.0
14.0
94.0
4.0
72.0
4.0
83.0
87.0
12.0
97.0
7.0
21.0
63.0
31.0
31.0
13.0
9.0
83.0
3.0
77.0
3.0
87.0
97.0
99.0
16.0
28.0
35.0
89.0
14.0
32.0
87.0
80.0
89.0
12.0
88.0
74.0
26.0
83.0
58.0
49.0
18.0
45.0
29.0
27.0
43.0
31.0
4.0
100.0
66.0
28.0
26.0
72.0
18.0
23.0
82.0
68.0
62.0
41.0
21.0
32.0
53.0
73.0
22.0
18.0
17.0
99.0
97.0
36.0
23.0
1.0
42.0
41.0
75.0
33.0
12.0
71.0
84.0
43.0
27.0
77.0
19.0
27.0
73.0
21.0
75.0
73.0
68.0
96.0
16.0
89.0
41.0
41.0
3.0
77.0
16.0
64.0
73.0
100.0
93.0
41.0
87.0
89.0
17.0
12.0
30.0
24.0
14.0
33.0
75.0
18.0
69.0
21.0
88.0
14.0
10.0
99.0
64.0
77.0
24.0
5.0
14.0
54.0
84.0
48.0
86.0
30.0
31.0
4.0
80.0
82.0
99.0
4.0
30.0
30.0
45.0
89.0
73.0
70.0
32.0
54.0
1.0
87.0
11.0
31.0
19.0
64.0
17.0
89.0
59.0
32.0
77.0
71.0
16.0
82.0
1.0
12.0
4.0
7.0
3.0
50.0
54.0
88.0
30.0
21.0
33.0
27.0
21.0
68.0
18.0
7.0
32.0
65.0
73.0
12.0
45.0
46.0
46.0
31.0
29.0
59.0
47.0
72.0
77.0
99.0
9.0
37.0
98.0
77.0
66.0
21.0
14.0
47.0
49.0
64.0
85.0
93.0
19.0
93.0
66.0
85.0
67.0
15.0
21.0
86.0
41.0
44.0
96.0
65.0
60.0
65.0
27.0
62.0
17.0
55.0
81.0
78.0
82.0
71.0
26.0
73.0
90.0
73.0
92.0
62.0
65.0
29.0
81.0
85.0
37.0
31.0
49.0
69.0
40.0
49.0
11.0
37.0
19.0
75.0
47.0
9.0
76.0
97.0
100.0
96.0
76.0
65.0
51.0
49.0
1.0
38.0
31.0
33.0
73.0
4.0
18.0
69.0
87.0
3.0
92.0
93.0
67.0
23.0
31.0
45.0
86.0
21.0
86.0
28.0
99.0
23.0
82.0
56.0
58.0
32.0
98.0
1.0
14.0
78.0
14.0
74.0
44.0
36.0
96.0
51.0
58.0
23.0
79.0
13.0
64.0
87.0
32.0
41.0
41.0
4.0
64.0
4.0
46.0
76.0
68.0
49.0
75.0
24.0
17.0
46.0
22.0
3.0
27.0
94.0
36.0
96.0
73.0
87.0
19.0
50.0
75.0
34.0
62.0
77.0
34.0
90.0
4.0
75.0
44.0
7.0
15.0
83.0
99.0
45.0
4.0
7.0
66.0
71.0
47.0
23.0
78.0
30.0
22.0
83.0
87.0
25.0
12.0
66.0
41.0
17.0
80.0
62.0
14.0
61.0
39.0
90.0
37.0
53.0
72.0
1.0
59.0
83.0
29.0
86.0
83.0
86.0
27.0
70.0
85.0
48.0
30.0
20.0
75.0
8.0
73.0
17.0
28.0
99.0
83.0
43.0
61.0
32.0
42.0
54.0
99.0
100.0
12.0
13.0
89.0
77.0
93.0
23.0
23.0
77.0
85.0
17.0
33.0
3.0
91.0
11.0
72.0
76.0
91.0
61.0
13.0
80.0
85.0
62.0
83.0
61.0
43.0
5.0
24.0
73.0
13.0
89.0
96.0
58.0
70.0
84.0
37.0
60.0
76.0
49.0
34.0
86.0
33.0
59.0
22.0
32.0
13.0
8.0
77.0
6.0
80.0
97.0
79.0
65.0
42.0
35.0
49.0
59.0
17.0
49.0
14.0
55.0
83.0
81.0
78.0
21.0
1.0
94.0
1.0
67.0
86.0
49.0
71.0
59.0
54.0
39.0
33.0
100.0
94.0
18.0
57.0
77.0
74.0
45.0
46.0
28.0
4.0
24.0
69.0
27.0
92.0
3.0
35.0
78.0
31.0
30.0
11.0
19.0
22.0
61.0
84.0
79.0
13.0
17.0
3.0
28.0
86.0
16.0
3.0
34.0
72.0
34.0
94.0
12.0
73.0
73.0
82.0
54.0
27.0
29.0
11.0
94.0
94.0
41.0
68.0
75.0
48.0
78.0
3.0
33.0
89.0
87.0
40.0
93.0
60.0
4.0
94.0
21.0
16.0
11.0
24.0
44.0
2.0
78.0
3.0
86.0
65.0
76.0
98.0
31.0
33.0
33.0
7.0
72.0
41.0
88.0
69.0
76.0
60.0
99.0
13.0
77.0
28.0
27.0
87.0
26.0
64.0
76.0
14.0
21.0
82.0
33.0
63.0
39.0
42.0
88.0
96.0
82.0
69.0
53.0
40.0
41.0
73.0
28.0
3.0
88.0
40.0
53.0
92.0
80.0
58.0
35.0
89.0
77.0
64.0
3.0
73.0
23.0
84.0
34.0
66.0
29.0
34.0
75.0
85.0
22.0
3.0
83.0
3.0
21.0
86.0
54.0
23.0
81.0
67.0
41.0
54.0
60.0
39.0
26.0
89.0
33.0
47.0
30.0
23.0
66.0
60.0
71.0
1.0
94.0
35.0
10.0
62.0
84.0
52.0
81.0
23.0
49.0
41.0
24.0
34.0
12.0
51.0
4.0
94.0
8.0
64.0
61.0
39.0
60.0
3.0
67.0
19.0
60.0
34.0
48.0
73.0
73.0
30.0
68.0
21.0
56.0
93.0
71.0
93.0
12.0
22.0
73.0
14.0
56.0
16.0
17.0
32.0
49.0
25.0
85.0
32.0
53.0
17.0
56.0
17.0
30.0
83.0
33.0
79.0
94.0
12.0
16.0
2.0
71.0
65.0
14.0
75.0
69.0
17.0
9.0
4.0
99.0
66.0
73.0
61.0
13.0
19.0
99.0
60.0
16.0
16.0
9.0
87.0
24.0
77.0
44.0
5.0
30.0
72.0
66.0
96.0
72.0
45.0
76.0
69.0
38.0
85.0
13.0
37.0
100.0
96.0
65.0
64.0
56.0
5.0
45.0
41.0
20.0
29.0
19.0
24.0
3.0
23.0
93.0
26.0
22.0
35.0
76.0
3.0
6.0
50.0
20.0
68.0
56.0
84.0
29.0
28.0
57.0
17.0
39.0
24.0
72.0
83.0
11.0
97.0
2.0
16.0
22.0
8.0
71.0
44.0
100.0
82.0
72.0
47.0
11.0
4.0
24.0
12.0
73.0
4.0
83.0
54.0
27.0
67.0
51.0
96.0
74.0
21.0
35.0
31.0
90.0
82.0
82.0
14.0
88.0
75.0
38.0
89.0
25.0
35.0
33.0
59.0
94.0
6.0
23.0
12.0
17.0
96.0
39.0
61.0
52.0
77.0
33.0
42.0
61.0
42.0
27.0
47.0
81.0
26.0
87.0
99.0
94.0
60.0
18.0
7.0
23.0
45.0
8.0
72.0
63.0
31.0
22.0
28.0
64.0
12.0
25.0
45.0
57.0
14.0
33.0
99.0
59.0
98.0
93.0
93.0
31.0
60.0
85.0
51.0
15.0
8.0
61.0
80.0
94.0
1.0
23.0
27.0
59.0
98.0
29.0
2.0
36.0
93.0
82.0
17.0
90.0
32.0
55.0
48.0
13.0
50.0
47.0
24.0
83.0
32.0
66.0
29.0
8.0
26.0
88.0
32.0
93.0
17.0
93.0
44.0
45.0
75.0
1.0
84.0
27.0
59.0
77.0
4.0
90.0
13.0
67.0
94.0
86.0
36.0
77.0
27.0
68.0
72.0
14.0
80.0
20.0
45.0
47.0
89.0
69.0
62.0
42.0
28.0
78.0
94.0
32.0
81.0
17.0
27.0
11.0
49.0
91.0
56.0
75.0
23.0
15.0
2.0
45.0
77.0
78.0
72.0
22.0
80.0
45.0
54.0
53.0
11.0
17.0
46.0
48.0
25.0
8.0
12.0
11.0
32.0
13.0
39.0
55.0
73.0
31.0
77.0
69.0
75.0
52.0
57.0
77.0
88.0
36.0
72.0
98.0
65.0
47.0
26.0
85.0
89.0
76.0
13.0
45.0
51.0
31.0
11.0
30.0
45.0
24.0
11.0
65.0
92.0
40.0
61.0
49.0
34.0
58.0
82.0
31.0
57.0
68.0
37.0
35.0
11.0
96.0
94.0
6.0
44.0
28.0
99.0
18.0
37.0
12.0
80.0
56.0
14.0
30.0
41.0
20.0
47.0
8.0
62.0
30.0
34.0
46.0
69.0
28.0
13.0
91.0
40.0
99.0
72.0
40.0
88.0
84.0
78.0
89.0
44.0
32.0
73.0
70.0
82.0
36.0
15.0
62.0
89.0
3.0
58.0
64.0
29.0
51.0
39.0
78.0
55.0
87.0
58.0
58.0
8.0
85.0
21.0
12.0
100.0
3.0
12.0
45.0
62.0
20.0
93.0
86.0
18.0
38.0
54.0
75.0
65.0
21.0
68.0
61.0
25.0
83.0
43.0
28.0
55.0
53.0
6.0
12.0
53.0
39.0
12.0
49.0
65.0
51.0
11.0
65.0
15.0
78.0
37.0
61.0
85.0
26.0
12.0
26.0
27.0
33.0
80.0
45.0
63.0
20.0
39.0
10.0
84.0
26.0
71.0
73.0
54.0
70.0
76.0
50.0
12.0
31.0
13.0
54.0
62.0
19.0
90.0
3.0
42.0
21.0
13.0
73.0
75.0
8.0
98.0
78.0
87.0
28.0
8.0
39.0
64.0
86.0
2.0
55.0
50.0
54.0
34.0
33.0
64.0
92.0
81.0
97.0
58.0
47.0
19.0
26.0
79.0
41.0
32.0
9.0
62.0
8.0
87.0
32.0
70.0
25.0
79.0
33.0
25.0
73.0
15.0
73.0
14.0
17.0
94.0
86.0
31.0
77.0
61.0
17.0
97.0
31.0
68.0
18.0
73.0
62.0
94.0
82.0
40.0
88.0
21.0
12.0
65.0
45.0
76.0
49.0
48.0
71.0
25.0
84.0
55.0
87.0
98.0
62.0
94.0
36.0
64.0
76.0
85.0
97.0
50.0
27.0
23.0
87.0
22.0
49.0
15.0
32.0
71.0
20.0
82.0
69.0
44.0
14.0
49.0
70.0
48.0
73.0
40.0
17.0
85.0
11.0
88.0
37.0
90.0
66.0
43.0
69.0
22.0
36.0
68.0
68.0
86.0
85.0
73.0
87.0
71.0
25.0
100.0
60.0
12.0
21.0
94.0
45.0
30.0
77.0
63.0
78.0
75.0
58.0
69.0
43.0
44.0
82.0
28.0
2.0
85.0
33.0
20.0
89.0
80.0
62.0
93.0
86.0
39.0
44.0
17.0
64.0
1.0
82.0
38.0
33.0
15.0
57.0
73.0
28.0
94.0
97.0
76.0
32.0
71.0
99.0
38.0
99.0
1.0
44.0
6.0
83.0
23.0
69.0
66.0
24.0
96.0
81.0
59.0
22.0
88.0
13.0
27.0
86.0
82.0
29.0
5.0
33.0
83.0
20.0
77.0
66.0
67.0
77.0
70.0
84.0
83.0
84.0
11.0
75.0
54.0
56.0
20.0
76.0
45.0
51.0
49.0
69.0
15.0
69.0
15.0
35.0
77.0
64.0
30.0
4.0
79.0
57.0
2.0
40.0
69.0
14.0
64.0
39.0
68.0
66.0
88.0
24.0
73.0
7.0
13.0
14.0
69.0
97.0
35.0
69.0
82.0
62.0
93.0
71.0
2.0
73.0
69.0
29.0
74.0
61.0
56.0
95.0
29.0
60.0
20.0
12.0
86.0
30.0
22.0
84.0
29.0
90.0
3.0
73.0
75.0
71.0
8.0
47.0
91.0
48.0
32.0
75.0
58.0
72.0
82.0
15.0
68.0
18.0
15.0
89.0
72.0
45.0
95.0
62.0
30.0
46.0
18.0
72.0
32.0
14.0
96.0
68.0
47.0
62.0
16.0
17.0
87.0
52.0
16.0
56.0
6.0
33.0
77.0
33.0
64.0
12.0
56.0
27.0
68.0
4.0
62.0
51.0
88.0
23.0
14.0
72.0
27.0
14.0
95.0
64.0
85.0
44.0
73.0
17.0
76.0
7.0
56.0
86.0
21.0
51.0
47.0
78.0
11.0
66.0
82.0
26.0
12.0
44.0
15.0
97.0
21.0
73.0
97.0
12.0
25.0
99.0
75.0
98.0
20.0
82.0
97.0
66.0
46.0
37.0
39.0
8.0
25.0
25.0
69.0
83.0
28.0
88.0
28.0
41.0
41.0
4.0
73.0
80.0
45.0
42.0
69.0
73.0
62.0
8.0
98.0
44.0
5.0
87.0
17.0
100.0
15.0
39.0
59.0
90.0
87.0
77.0
77.0
35.0
75.0
78.0
84.0
73.0
97.0
64.0
59.0
75.0
34.0
40.0
26.0
13.0
9.0
17.0
99.0
29.0
52.0
10.0
28.0
88.0
5.0
100.0
81.0
87.0
8.0
56.0
14.0
1.0
83.0
33.0
69.0
62.0
3.0
36.0
24.0
21.0
70.0
99.0
16.0
67.0
84.0
73.0
62.0
24.0
31.0
55.0
77.0
22.0
72.0
65.0
26.0
19.0
28.0
65.0
56.0
98.0
86.0
68.0
2.0
9.0
70.0
81.0
48.0
78.0
29.0
84.0
73.0
47.0
88.0
77.0
80.0
22.0
69.0
30.0
78.0
72.0
63.0
84.0
89.0
42.0
98.0
32.0
24.0
47.0
71.0
53.0
57.0
35.0
32.0
85.0
89.0