77.0
89.0
97.0
27.0
98.0
80.0
96.0
85.0
32.0
53.0
15.0
6.0
21.0
39.0
89.0
46.0
98.0
77.0
41.0
45.0
4.0
55.0
2.0
96.0
51.0
15.0
59.0
16.0
83.0
99.0
14.0
81.0
27.0
34.0
81.0
23.0
90.0
17.0
81.0
17.0
7.0
52.0
98.0
92.0
86.0
36.0
42.0
75.0
49.0
59.0
98.0
89.0
16.0
24.0
50.0
39.0
17.0
77.0
35.0
68.0
97.0
84.0
55.0
22.0
5.0
33.0
68.0
64.0
20.0
82.0
64.0
12.0
50.0
68.0
33.0
8.0
73.0
21.0
65.0
86.0
78.0
64.0
62.0
66.0
19.0
89.0
33.0
64.0
30.0
44.0
51.0
79.0
62.0
32.0
57.0
91.0
17.0
13.0
34.0
46.0
87.0
29.0
67.0
25.0
9.0
44.0
57.0
1.0
26.0
82.0
24.0
48.0
51.0
91.0
19.0
77.0
35.0
26.0
14.0
93.0
41.0
22.0
71.0
17.0
32.0
67.0
80.0
71.0
79.0
34.0
62.0
85.0
12.0
26.0
81.0
48.0
4.0
69.0
3.0
31.0
81.0
17.0
30.0
8.0
67.0
85.0
69.0
13.0
12.0
90.0
17.0
61.0
88.0
36.0
37.0
67.0
77.0
35.0
64.0
30.0
79.0
61.0
45.0
22.0
3.0
40.0
56.0
9.0
66.0
80.0
95.0
86.0
88.0
5.0
87.0
67.0
33.0
62.0
59.0
87.0
80.0
87.0
78.0
76.0
68.0
89.0
77.0
96.0
25.0
7.0
65.0
13.0
91.0
82.0
21.0
33.0
85.0
12.0
41.0
75.0
33.0
93.0
17.0
18.0
93.0
51.0
28.0
19.0
22.0
75.0
89.0
8.0
69.0
27.0
1.0
62.0
89.0
22.0
1.0
89.0
97.0
42.0
87.0
82.0
87.0
27.0
29.0
73.0
19.0
3.0
47.0
26.0
98.0
83.0
64.0
73.0
78.0
97.0
96.0
61.0
63.0
97.0
86.0
47.0
8.0
65.0
67.0
19.0
75.0
86.0
79.0
6.0
3.0
19.0
82.0
33.0
28.0
66.0
44.0
5.0
64.0
35.0
12.0
23.0
89.0
5.0
51.0
78.0
5.0
47.0
23.0
98.0
38.0
83.0
70.0
87.0
44.0
69.0
4.0
35.0
96.0
18.0
89.0
29.0
46.0
44.0
36.0
35.0
77.0
95.0
71.0
74.0
7.0
57.0
13.0
87.0
1.0
89.0
44.0
9.0
46.0
20.0
64.0
88.0
24.0
3.0
16.0
33.0
84.0
17.0
13.0
65.0
64.0
27.0
71.0
41.0
20.0
69.0
37.0
48.0
96.0
77.0
99.0
85.0
20.0
85.0
14.0
42.0
86.0
67.0
63.0
71.0
58.0
69.0
79.0
23.0
30.0
62.0
7.0
30.0
62.0
66.0
11.0
6.0
18.0
98.0
98.0
69.0
69.0
31.0
61.0
24.0
47.0
80.0
72.0
70.0
32.0
16.0
93.0
6.0
37.0
34.0
31.0
32.0
34.0
67.0
55.0
15.0
62.0
25.0
99.0
79.0
6.0
3.0
28.0
88.0
61.0
3.0
75.0
14.0
30.0
99.0
23.0
28.0
12.0
73.0
77.0
13.0
44.0
31.0
15.0
87.0
17.0
56.0
64.0
84.0
18.0
30.0
81.0
62.0
62.0
88.0
32.0
9.0
50.0
2.0
36.0
68.0
23.0
56.0
53.0
56.0
69.0
64.0
75.0
71.0
10.0
17.0
88.0
72.0
4.0
14.0
80.0
5.0
41.0
92.0
27.0
64.0
57.0
70.0
20.0
56.0
35.0
89.0
68.0
45.0
20.0
1.0
98.0
24.0
50.0
40.0
64.0
29.0
98.0
64.0
12.0
66.0
5.0
85.0
30.0
18.0
35.0
11.0
90.0
76.0
99.0
91.0
11.0
78.0
49.0
53.0
91.0
66.0
68.0
52.0
7.0
24.0
78.0
89.0
18.0
17.0
23.0
73.0
69.0
32.0
78.0
68.0
87.0
94.0
34.0
38.0
75.0
85.0
4.0
65.0
41.0
16.0
77.0
20.0
3.0
13.0
21.0
33.0
41.0
16.0
42.0
21.0
41.0
12.0
83.0
47.0
75.0
44.0
79.0
84.0
73.0
28.0
49.0
4.0
77.0
34.0
68.0
17.0
22.0
66.0
64.0
61.0
82.0
41.0
56.0
79.0
73.0
99.0
30.0
23.0
76.0
21.0
87.0
10.0
45.0
3.0
40.0
98.0
14.0
12.0
3.0
68.0
84.0
32.0
77.0
26.0
24.0
94.0
31.0
9.0
64.0
80.0
23.0
47.0
85.0
12.0
65.0
98.0
46.0
8.0
85.0
99.0
45.0
98.0
28.0
58.0
61.0
44.0
73.0
16.0
88.0
50.0
40.0
78.0
29.0
85.0
46.0
29.0
49.0
92.0
60.0
86.0
71.0
89.0
63.0
41.0
29.0
68.0
69.0
67.0
67.0
22.0
86.0
78.0
49.0
54.0
53.0
7.0
66.0
2.0
7.0
33.0
71.0
16.0
39.0
80.0
66.0
72.0
73.0
97.0
33.0
31.0
44.0
5.0
11.0
32.0
50.0
32.0
97.0
75.0
88.0
32.0
94.0
78.0
75.0
21.0
1.0
72.0
81.0
85.0
98.0
18.0
20.0
16.0
89.0
73.0
86.0
77.0
14.0
77.0
100.0
79.0
69.0
62.0
80.0
45.0
67.0
66.0
100.0
67.0
26.0
77.0
1.0
84.0
4.0
71.0
44.0
74.0
61.0
11.0
26.0
56.0
5.0
40.0
66.0
46.0
3.0
69.0
16.0
100.0
87.0
64.0
41.0
66.0
34.0
31.0
80.0
69.0
33.0
80.0
2.0
75.0
22.0
49.0
69.0
79.0
28.0
30.0
26.0
25.0
75.0
35.0
64.0
39.0
68.0
87.0
71.0
4.0
12.0
17.0
73.0
97.0
24.0
99.0
87.0
46.0
44.0
49.0
72.0
20.0
11.0
14.0
16.0
69.0
62.0
36.0
3.0
67.0
85.0
28.0
35.0
72.0
33.0
40.0
41.0
64.0
86.0
35.0
85.0
65.0
51.0
28.0
87.0
8.0
47.0
10.0
4.0
61.0
89.0
88.0
32.0
17.0
8.0
82.0
42.0
14.0
16.0
16.0
86.0
21.0
33.0
22.0
81.0
62.0
35.0
48.0
11.0
82.0
12.0
91.0
73.0
51.0
67.0
22.0
42.0
12.0
87.0
31.0
81.0
84.0
98.0
9.0
81.0
21.0
55.0
30.0
68.0
82.0
96.0
65.0
76.0
81.0
32.0
29.0
97.0
33.0
89.0
86.0
75.0
56.0
32.0
16.0
100.0
26.0
76.0
39.0
77.0
99.0
46.0
71.0
59.0
83.0
18.0
47.0
64.0
44.0
77.0
11.0
16.0
87.0
37.0
71.0
28.0
39.0
9.0
16.0
52.0
77.0
91.0
88.0
86.0
76.0
64.0
42.0
46.0
23.0
27.0
41.0
11.0
35.0
78.0
63.0
17.0
45.0
19.0
87.0
1.0
83.0
8.0
72.0
4.0
65.0
65.0
30.0
41.0
28.0
72.0
61.0
75.0
24.0
97.0
71.0
57.0
75.0
83.0
93.0
84.0
59.0
57.0
75.0
7.0
87.0
24.0
38.0
72.0
83.0
67.0
95.0
51.0
58.0
94.0
69.0
41.0
23.0
16.0
46.0
30.0
96.0
90.0
12.0
78.0
30.0
34.0
89.0
93.0
13.0
68.0
85.0
69.0
17.0
89.0
26.0
51.0
23.0
21.0
61.0
65.0
21.0
97.0
43.0
83.0
17.0
18.0
44.0
11.0
91.0
91.0
7.0
31.0
73.0
89.0
51.0
56.0
97.0
26.0
3.0
53.0
48.0
11.0
15.0
63.0
6.0
62.0
72.0
27.0
28.0
17.0
80.0
96.0
4.0
1.0
11.0
66.0
65.0
84.0
62.0
19.0
14.0
34.0
57.0
79.0
68.0
19.0
26.0
14.0
42.0
1.0
47.0
27.0
82.0
98.0
67.0
49.0
75.0
5.0
83.0
52.0
94.0
61.0
42.0
98.0
66.0
11.0
66.0
14.0
5.0
35.0
38.0
84.0
31.0
19.0
52.0
38.0
87.0
41.0
90.0
2.0
25.0
43.0
3.0
72.0
35.0
46.0
81.0
16.0
33.0
9.0
82.0
3.0
88.0
57.0
24.0
17.0
93.0
22.0
93.0
34.0
31.0
77.0
8.0
31.0
64.0
97.0
64.0
29.0
65.0
99.0
35.0
75.0
20.0
59.0
17.0
96.0
12.0
33.0
73.0
15.0
13.0
84.0
24.0
9.0
65.0
64.0
18.0
30.0
41.0
67.0
66.0
91.0
96.0
74.0
44.0
1.0
52.0
35.0
31.0
75.0
41.0
22.0
29.0
69.0
42.0
4.0
51.0
40.0
89.0
14.0
67.0
3.0
11.0
20.0
73.0
67.0
4.0
14.0
73.0
9.0
35.0
62.0
16.0
42.0
38.0
93.0
97.0
57.0
27.0
12.0
99.0
75.0
57.0
66.0
22.0
60.0
44.0
8.0
33.0
6.0
71.0
91.0
77.0
67.0
94.0
85.0
63.0
23.0
62.0
37.0
9.0
49.0
91.0
71.0
77.0
79.0
68.0
33.0
72.0
36.0
3.0
89.0
33.0
30.0
55.0
77.0
33.0
6.0
57.0
83.0
36.0
81.0
12.0
2.0
7.0
77.0
64.0
75.0
51.0
1.0
24.0
58.0
76.0
67.0
56.0
82.0
24.0
32.0
25.0
78.0
76.0
12.0
86.0
63.0
31.0
8.0
78.0
72.0
13.0
13.0
80.0
9.0
68.0
79.0
7.0
77.0
22.0
52.0
26.0
77.0
70.0
11.0
39.0
33.0
29.0
51.0
7.0
4.0
81.0
96.0
75.0
12.0
99.0
76.0
66.0
21.0
77.0
81.0
28.0
89.0
72.0
82.0
14.0
78.0
12.0
68.0
28.0
23.0
92.0
76.0
54.0
43.0
93.0
16.0
4.0
45.0
36.0
80.0
100.0
29.0
45.0
73.0
3.0
21.0
59.0
7.0
78.0
49.0
84.0
29.0
16.0
27.0
93.0
27.0
76.0
12.0
26.0
22.0
24.0
56.0
71.0
16.0
57.0
70.0
6.0
83.0
64.0
69.0
2.0
84.0
45.0
49.0
67.0
39.0
12.0
87.0
36.0
36.0
28.0
79.0
27.0
53.0
12.0
24.0
91.0
83.0
26.0
60.0
7.0
44.0
76.0
14.0
4.0
85.0
32.0
73.0
87.0
66.0
26.0
5.0
64.0
71.0
75.0
54.0
21.0
20.0
48.0
16.0
1.0
96.0
15.0
39.0
59.0
72.0
44.0
100.0
86.0
61.0
96.0
10.0
20.0
96.0
79.0
84.0
10.0
68.0
35.0
26.0
65.0
75.0
72.0
83.0
48.0
68.0
37.0
24.0
33.0
58.0
42.0
12.0
82.0
86.0
32.0
64.0
1.0
5.0
11.0
84.0
79.0
26.0
17.0
50.0
39.0
44.0
27.0
9.0
27.0
78.0
82.0
27.0
33.0
80.0
56.0
5.0
49.0
28.0
70.0
33.0
83.0
78.0
39.0
89.0
41.0
29.0
100.0
10.0
42.0
95.0
99.0
11.0
21.0
99.0
33.0
11.0
3.0
47.0
25.0
39.0
45.0
69.0
54.0
89.0
2.0
77.0
6.0
1.0
15.0
68.0
27.0
3.0
13.0
73.0
69.0
94.0
36.0
4.0
57.0
42.0
27.0
44.0
22.0
67.0
63.0
30.0
25.0
75.0
1.0
60.0
64.0
73.0
11.0
48.0
92.0
67.0
27.0
14.0
49.0
84.0
48.0
21.0
37.0
32.0
89.0
3.0
38.0
68.0
58.0
91.0
21.0
86.0
87.0
99.0
5.0
35.0
89.0
3.0
26.0
84.0
14.0
28.0
17.0
35.0
30.0
93.0
25.0
9.0
1.0
94.0
81.0
90.0
97.0
3.0
19.0
69.0
81.0
23.0
67.0
83.0
10.0
66.0
69.0
51.0
11.0
22.0
1.0
62.0
56.0
98.0
92.0
62.0
34.0
29.0
99.0
45.0
72.0
4.0
31.0
4.0
69.0
31.0
71.0
53.0
56.0
71.0
36.0
85.0
82.0
22.0
92.0
73.0
13.0
51.0
97.0
79.0
32.0
61.0
60.0
54.0
84.0
100.0
35.0
23.0
49.0
82.0
39.0
32.0
11.0
84.0
12.0
11.0
15.0
56.0
97.0
23.0
81.0
81.0
58.0
56.0
94.0
6.0
62.0
81.0
51.0
70.0
47.0
19.0
73.0
18.0
79.0
58.0
67.0
59.0
95.0
59.0
50.0
100.0
100.0
70.0
78.0
42.0
72.0
72.0
67.0
94.0
55.0
76.0
91.0