15.0
89.0
12.0
45.0
71.0
53.0
14.0
61.0
63.0
21.0
77.0
25.0
75.0
4.0
78.0
44.0
35.0
96.0
24.0
77.0
71.0
47.0
13.0
75.0
91.0
60.0
25.0
91.0
27.0
89.0
45.0
82.0
20.0
3.0
73.0
1.0
13.0
8.0
88.0
51.0
26.0
27.0
44.0
100.0
81.0
26.0
44.0
11.0
76.0
52.0
72.0
43.0
56.0
71.0
95.0
69.0
99.0
88.0
2.0
61.0
59.0
19.0
65.0
50.0
38.0
77.0
41.0
56.0
87.0
32.0
14.0
11.0
4.0
72.0
24.0
21.0
71.0
99.0
19.0
40.0
62.0
40.0
12.0
30.0
98.0
69.0
24.0
62.0
58.0
16.0
51.0
86.0
38.0
36.0
17.0
42.0
10.0
14.0
53.0
78.0
64.0
73.0
49.0
16.0
79.0
64.0
44.0
27.0
16.0
7.0
11.0
99.0
17.0
68.0
73.0
30.0
96.0
62.0
12.0
21.0
36.0
11.0
63.0
25.0
97.0
59.0
77.0
30.0
49.0
70.0
84.0
79.0
73.0
92.0
24.0
14.0
27.0
56.0
89.0
69.0
69.0
76.0
76.0
14.0
69.0
86.0
21.0
86.0
31.0
31.0
34.0
11.0
19.0
84.0
35.0
13.0
62.0
68.0
82.0
44.0
75.0
10.0
15.0
59.0
77.0
6.0
94.0
89.0
1.0
62.0
99.0
54.0
88.0
4.0
73.0
39.0
59.0
58.0
75.0
12.0
89.0
27.0
31.0
70.0
70.0
86.0
4.0
66.0
3.0
40.0
99.0
77.0
14.0
20.0
41.0
64.0
14.0
16.0
17.0
56.0
28.0
62.0
6.0
20.0
14.0
24.0
89.0
64.0
43.0
98.0
72.0
82.0
77.0
97.0
96.0
27.0
27.0
7.0
30.0
17.0
43.0
28.0
6.0
93.0
71.0
52.0
70.0
17.0
17.0
65.0
64.0
44.0
66.0
78.0
82.0
29.0
68.0
45.0
86.0
23.0
73.0
76.0
44.0
27.0
25.0
93.0
4.0
66.0
50.0
1.0
14.0
61.0
94.0
39.0
11.0
64.0
6.0
44.0
69.0
52.0
41.0
39.0
48.0
4.0
14.0
65.0
35.0
53.0
75.0
77.0
22.0
37.0
52.0
38.0
82.0
73.0
87.0
4.0
84.0
14.0
86.0
77.0
29.0
87.0
83.0
20.0
72.0
14.0
92.0
72.0
5.0
76.0
43.0
65.0
97.0
61.0
65.0
3.0
73.0
78.0
50.0
45.0
73.0
77.0
83.0
35.0
4.0
82.0
77.0
90.0
59.0
75.0
49.0
87.0
26.0
86.0
34.0
56.0
77.0
61.0
94.0
99.0
24.0
2.0
87.0
44.0
18.0
68.0
57.0
60.0
76.0
42.0
73.0
79.0
14.0
46.0
89.0
30.0
5.0
32.0
64.0
32.0
72.0
56.0
19.0
80.0
69.0
76.0
45.0
93.0
89.0
89.0
50.0
23.0
11.0
63.0
11.0
9.0
66.0
4.0
73.0
24.0
32.0
83.0
39.0
13.0
28.0
17.0
76.0
25.0
83.0
75.0
57.0
47.0
22.0
14.0
64.0
48.0
81.0
66.0
13.0
20.0
69.0
89.0
98.0
36.0
17.0
25.0
69.0
40.0
64.0
57.0
15.0
31.0
16.0
78.0
36.0
72.0
42.0
60.0
4.0
84.0
61.0
27.0
30.0
97.0
5.0
85.0
14.0
94.0
68.0
87.0
56.0
42.0
4.0
71.0
72.0
37.0
20.0
44.0
64.0
77.0
76.0
45.0
16.0
90.0
74.0
30.0
5.0
28.0
68.0
80.0
13.0
92.0
67.0
75.0
50.0
22.0
42.0
78.0
15.0
55.0
1.0
19.0
64.0
97.0
20.0
84.0
73.0
84.0
72.0
23.0
95.0
22.0
71.0
46.0
20.0
29.0
7.0
62.0
93.0
28.0
99.0
41.0
28.0
8.0
63.0
79.0
39.0
87.0
12.0
15.0
39.0
87.0
28.0
5.0
31.0
29.0
1.0
14.0
49.0
82.0
77.0
33.0
44.0
93.0
35.0
30.0
39.0
35.0
35.0
55.0
89.0
6.0
67.0
84.0
64.0
31.0
13.0
62.0
75.0
89.0
64.0
24.0
64.0
75.0
13.0
33.0
54.0
17.0
1.0
82.0
68.0
90.0
97.0
23.0
61.0
64.0
56.0
42.0
77.0
45.0
13.0
64.0
22.0
14.0
31.0
92.0
22.0
4.0
86.0
85.0
98.0
17.0
77.0
20.0
76.0
28.0
26.0
3.0
31.0
24.0
93.0
89.0
36.0
28.0
97.0
64.0
89.0
57.0
28.0
78.0
78.0
39.0
1.0
54.0
96.0
98.0
71.0
94.0
46.0
69.0
75.0
32.0
66.0
99.0
29.0
8.0
88.0
7.0
86.0
64.0
25.0
90.0
70.0
69.0
34.0
77.0
46.0
99.0
89.0
21.0
68.0
47.0
40.0
11.0
17.0
92.0
7.0
79.0
87.0
97.0
40.0
59.0
50.0
19.0
14.0
12.0
47.0
25.0
34.0
88.0
44.0
36.0
72.0
39.0
35.0
61.0
18.0
93.0
33.0
79.0
30.0
19.0
15.0
86.0
89.0
64.0
96.0
34.0
73.0
12.0
33.0
19.0
45.0
94.0
15.0
78.0
23.0
75.0
89.0
3.0
21.0
9.0
12.0
21.0
100.0
94.0
31.0
31.0
33.0
21.0
96.0
95.0
87.0
39.0
100.0
33.0
18.0
82.0
80.0
96.0
87.0
45.0
8.0
79.0
90.0
44.0
58.0
33.0
97.0
40.0
29.0
39.0
72.0
27.0
13.0
18.0
19.0
46.0
23.0
50.0
1.0
86.0
3.0
6.0
37.0
64.0
55.0
9.0
92.0
57.0
2.0
84.0
70.0
1.0
27.0
73.0
51.0
68.0
4.0
14.0
48.0
92.0
33.0
5.0
65.0
19.0
13.0
50.0
82.0
86.0
9.0
42.0
11.0
71.0
8.0
87.0
55.0
45.0
18.0
90.0
43.0
47.0
65.0
33.0
51.0
73.0
32.0
4.0
1.0
12.0
87.0
6.0
45.0
7.0
10.0
78.0
79.0
98.0
89.0
21.0
97.0
6.0
39.0
64.0
58.0
89.0
46.0
49.0
56.0
41.0
14.0
23.0
44.0
36.0
2.0
100.0
12.0
32.0
44.0
62.0
48.0
97.0
16.0
15.0
86.0
81.0
30.0
7.0
79.0
78.0
5.0
88.0
41.0
41.0
80.0
61.0
25.0
39.0
97.0
47.0
72.0
8.0
73.0
70.0
18.0
69.0
48.0
40.0
28.0
9.0
62.0
8.0
89.0
28.0
9.0
72.0
17.0
20.0
45.0
64.0
14.0
17.0
67.0
46.0
1.0
30.0
83.0
49.0
20.0
92.0
72.0
48.0
99.0
29.0
79.0
33.0
95.0
11.0
32.0
78.0
94.0
19.0
78.0
19.0
63.0
100.0
81.0
62.0
12.0
14.0
98.0
20.0
96.0
64.0
78.0
99.0
11.0
66.0
79.0
49.0
13.0
9.0
73.0
15.0
48.0
66.0
84.0
12.0
37.0
30.0
41.0
37.0
67.0
73.0
88.0
14.0
72.0
87.0
5.0
30.0
33.0
44.0
13.0
11.0
6.0
90.0
88.0
29.0
94.0
11.0
72.0
57.0
24.0
17.0
69.0
64.0
41.0
61.0
22.0
72.0
88.0
57.0
10.0
83.0
51.0
19.0
69.0
62.0
61.0
92.0
71.0
89.0
20.0
24.0
51.0
81.0
65.0
75.0
68.0
96.0
13.0
6.0
1.0
79.0
14.0
87.0
42.0
33.0
67.0
20.0
72.0
54.0
30.0
31.0
36.0
41.0
8.0
61.0
20.0
25.0
86.0
65.0
32.0
20.0
69.0
37.0
37.0
65.0
61.0
25.0
29.0
33.0
7.0
45.0
62.0
87.0
68.0
59.0
89.0
77.0
80.0
39.0
86.0
3.0
91.0
89.0
58.0
6.0
33.0
31.0
30.0
77.0
38.0
1.0
82.0
30.0
35.0
6.0
86.0
11.0
27.0
6.0
100.0
68.0
44.0
21.0
17.0
39.0
66.0
47.0
72.0
47.0
14.0
84.0
77.0
97.0
72.0
51.0
15.0
100.0
44.0
98.0
65.0
61.0
43.0
47.0
68.0
27.0
49.0
67.0
69.0
62.0
75.0
26.0
23.0
30.0
92.0
78.0
75.0
58.0
33.0
66.0
62.0
90.0
84.0
96.0
33.0
54.0
3.0
27.0
36.0
4.0
16.0
67.0
79.0
60.0
33.0
52.0
74.0
13.0
46.0
51.0
67.0
35.0
44.0
56.0
74.0
66.0
87.0
53.0
79.0
88.0
69.0
31.0
73.0
15.0
72.0
73.0
24.0
97.0
14.0
3.0
69.0
81.0
69.0
100.0
76.0
7.0
30.0
60.0
97.0
66.0
14.0
82.0
75.0
37.0
28.0
73.0
55.0
12.0
32.0
65.0
4.0
25.0
77.0
16.0
12.0
30.0
64.0
92.0
36.0
3.0
24.0
45.0
78.0
29.0
25.0
17.0
70.0
31.0
41.0
24.0
71.0
40.0
92.0
89.0
98.0
13.0
62.0
45.0
24.0
60.0
99.0
95.0
85.0
93.0
41.0
24.0
67.0
100.0
12.0
61.0
77.0
65.0
91.0
5.0
77.0
75.0
61.0
97.0
58.0
100.0
27.0
71.0
69.0
40.0
44.0
8.0
41.0
17.0
1.0
39.0
28.0
96.0
72.0
56.0
80.0
47.0
21.0
27.0
61.0
7.0
34.0
75.0
59.0
96.0
42.0
16.0
36.0
2.0
88.0
81.0
7.0
87.0
84.0
81.0
83.0
97.0
99.0
98.0
73.0
65.0
47.0
17.0
31.0
98.0
41.0
65.0
7.0
30.0
12.0
11.0
72.0
75.0
37.0
99.0
66.0
69.0
36.0
22.0
13.0
13.0
30.0
94.0
42.0
45.0
98.0
67.0
1.0
1.0
31.0
5.0
82.0
83.0
92.0
29.0
86.0
27.0
16.0
36.0
55.0
87.0
81.0
60.0
56.0
30.0
82.0
44.0
16.0
94.0
49.0
34.0
15.0
14.0
68.0
66.0
15.0
4.0
64.0
88.0
1.0
54.0
61.0
28.0
92.0
77.0
89.0
32.0
67.0
8.0
92.0
72.0
77.0
49.0
90.0
76.0
38.0
31.0
4.0
65.0
61.0
67.0
39.0
30.0
69.0
97.0
49.0
93.0
43.0
49.0
54.0
33.0
8.0
32.0
16.0
7.0
40.0
34.0
23.0
71.0
24.0
50.0
39.0
12.0
64.0
87.0
84.0
27.0
72.0
49.0
96.0
100.0
57.0
14.0
99.0
41.0
24.0
12.0
9.0
48.0
5.0
99.0
78.0
73.0
34.0
54.0
84.0
32.0
64.0
23.0
4.0
89.0
44.0
17.0
78.0
86.0
71.0
99.0
78.0
43.0
21.0
18.0
75.0
66.0
63.0
91.0
51.0
80.0
98.0
14.0
62.0
41.0
77.0
20.0
37.0
76.0
34.0
13.0
24.0
46.0
98.0
97.0
10.0
1.0
21.0
13.0
62.0
91.0
8.0
19.0
75.0
76.0
68.0
40.0
2.0
32.0
71.0
5.0
33.0
69.0
66.0
34.0
82.0
21.0
30.0
69.0
5.0
87.0
33.0
60.0
27.0
27.0
34.0
32.0
58.0
82.0
18.0
20.0
78.0
33.0
4.0
58.0
53.0
11.0
44.0
85.0
57.0
71.0
31.0
92.0
77.0
66.0
23.0
69.0
16.0
40.0
63.0
17.0
89.0
13.0
77.0
26.0
17.0
98.0
56.0
68.0
55.0
98.0
93.0
75.0
5.0
82.0
85.0
67.0
58.0
25.0
97.0
6.0
6.0
99.0
32.0
28.0
30.0
12.0
55.0
100.0
86.0
36.0
69.0
87.0
90.0
47.0
82.0
92.0
8.0
28.0
78.0
24.0
66.0
17.0
65.0
8.0
34.0
21.0
80.0
24.0
34.0
41.0
94.0
30.0
19.0
73.0
14.0
87.0
68.0
46.0
67.0
47.0
50.0
77.0
79.0
37.0
30.0
14.0
44.0
71.0
35.0
97.0
11.0
38.0
92.0
13.0
16.0
51.0
70.0
61.0
47.0
10.0
75.0
43.0
24.0
79.0
31.0
62.0
30.0
70.0
13.0
23.0
64.0
2.0
77.0
87.0
100.0
69.0
68.0
83.0
24.0
91.0
25.0
86.0
47.0
64.0
25.0
30.0
27.0
18.0
33.0
96.0
9.0
56.0
17.0
40.0
57.0
28.0
100.0
20.0
68.0
34.0
30.0
59.0
62.0
14.0
81.0
23.0
51.0
69.0
21.0
66.0
71.0
11.0
36.0
48.0
96.0
69.0
73.0
70.0
100.0
22.0
11.0
55.0
26.0
16.0
12.0
95.0
74.0
86.0
75.0
71.0
27.0
53.0
98.0
86.0
11.0
70.0
86.0
58.0
94.0
24.0
40.0
14.0
96.0
46.0
81.0
3.0
41.0
64.0
68.0
2.0
99.0
32.0
65.0
88.0
77.0
93.0
68.0
12.0
26.0
56.0
45.0
25.0
36.0
78.0
16.0
29.0
83.0
11.0
71.0
3.0
36.0
23.0
72.0
66.0
83.0
31.0
71.0
26.0
71.0
3.0
87.0
50.0
44.0
89.0
30.0
27.0
36.0
48.0
49.0
85.0
64.0
27.0
12.0
98.0
57.0
49.0
83.0
99.0
96.0
7.0
21.0
6.0
9.0
4.0
33.0
96.0
12.0
17.0
43.0
82.0
24.0
87.0
94.0
93.0
96.0
23.0
68.0
26.0
63.0
61.0
83.0
31.0
66.0
45.0
36.0
75.0
23.0
82.0
1.0
43.0
19.0
96.0
82.0
73.0
62.0
49.0
32.0
26.0
54.0
64.0
75.0
74.0
97.0
98.0
25.0
20.0
88.0
82.0
11.0
94.0
59.0
79.0
92.0
97.0
16.0
64.0
97.0
37.0
71.0
88.0
6.0
47.0
68.0
99.0
44.0
83.0
19.0
24.0
86.0
85.0
36.0
52.0
33.0
17.0
56.0
87.0
34.0
49.0
51.0
5.0
73.0
16.0
20.0
69.0
75.0
75.0
88.0
22.0
7.0
31.0
12.0
2.0
36.0
72.0
94.0
20.0
38.0
1.0
69.0
61.0
97.0
3.0
55.0
44.0
78.0
85.0
32.0
71.0
45.0
33.0
97.0
55.0
78.0
96.0
77.0
34.0
17.0
72.0
22.0
43.0
78.0
81.0
30.0
16.0
19.0
7.0
47.0
92.0
62.0
76.0
99.0
98.0
39.0
89.0
84.0
86.0
17.0
25.0
27.0
90.0
89.0
77.0
3.0
100.0
29.0
30.0
27.0
81.0
20.0
33.0
31.0
3.0
7.0
33.0
75.0
41.0
6.0
4.0
49.0
89.0
57.0
36.0
94.0
98.0
12.0
47.0
29.0
54.0
67.0
68.0
88.0
9.0
96.0
49.0
100.0
43.0
63.0
75.0
23.0
49.0
90.0
49.0
98.0
69.0
25.0
44.0
60.0
18.0
28.0
37.0
52.0
92.0
19.0
66.0
80.0
8.0
65.0
63.0
87.0
2.0
57.0
14.0
36.0
8.0
45.0
69.0
90.0
18.0
12.0
22.0
6.0
14.0
16.0
63.0
21.0
83.0
37.0
99.0
20.0
63.0
76.0
41.0
94.0
58.0
67.0
25.0
66.0
69.0
51.0
5.0
56.0
38.0
86.0
81.0
26.0
12.0
60.0
46.0
12.0
38.0
97.0
71.0
44.0
74.0
36.0
49.0
16.0
98.0
64.0
47.0
37.0
12.0
38.0
96.0
39.0
61.0
35.0
11.0
79.0
75.0
50.0
62.0
97.0
72.0
84.0
78.0
49.0
73.0
11.0
68.0
52.0
38.0
69.0
17.0
26.0
84.0
83.0
77.0
82.0
19.0
58.0
41.0
80.0
82.0
8.0
98.0
98.0
71.0
47.0
13.0
65.0
44.0
48.0
77.0
46.0
34.0
64.0
78.0
18.0
33.0
34.0
13.0
41.0
83.0
78.0
49.0
42.0
17.0
1.0
9.0
6.0
12.0
94.0
86.0
45.0
98.0
32.0
99.0
17.0
23.0
22.0
15.0
58.0
85.0
5.0
55.0
41.0
33.0
23.0
14.0
58.0
78.0
97.0
30.0
71.0
42.0
83.0
14.0
23.0
9.0
21.0
6.0
65.0
27.0
30.0
97.0
14.0
22.0
30.0
32.0
49.0
21.0
80.0
97.0
44.0
42.0
31.0
29.0
49.0
75.0
27.0
99.0
55.0
32.0
64.0
68.0
31.0
21.0
18.0
27.0
69.0
94.0
42.0
60.0
67.0
30.0
31.0
27.0
17.0
83.0
8.0
12.0
100.0
30.0
37.0
82.0
56.0
49.0
47.0
21.0
68.0
71.0
61.0
58.0
30.0
71.0
86.0
89.0
99.0
64.0
25.0
81.0
20.0
47.0
34.0
13.0
33.0
16.0
76.0
87.0
71.0
29.0
11.0
61.0
56.0
58.0
86.0
28.0
46.0
22.0