23.0
13.0
83.0
87.0
90.0
64.0
61.0
46.0
77.0
77.0
42.0
21.0
66.0
43.0
56.0
82.0
56.0
56.0
33.0
7.0
87.0
18.0
89.0
54.0
45.0
78.0
26.0
45.0
76.0
1.0
77.0
49.0
93.0
32.0
22.0
22.0
92.0
56.0
12.0
63.0
23.0
13.0
17.0
57.0
4.0
97.0
13.0
47.0
72.0
95.0
24.0
43.0
19.0
15.0
42.0
39.0
36.0
2.0
88.0
11.0
14.0
80.0
4.0
14.0
76.0
97.0
80.0
24.0
31.0
66.0
34.0
96.0
25.0
6.0
96.0
68.0
78.0
87.0
30.0
69.0
76.0
11.0
47.0
34.0
78.0
17.0
17.0
87.0
80.0
76.0
26.0
56.0
15.0
69.0
66.0
69.0
11.0
21.0
26.0
78.0
77.0
69.0
7.0
96.0
27.0
55.0
19.0
29.0
5.0
48.0
31.0
60.0
84.0
96.0
3.0
75.0
28.0
34.0
84.0
66.0
64.0
64.0
71.0
24.0
23.0
9.0
98.0
12.0
41.0
27.0
53.0
35.0
61.0
83.0
92.0
14.0
48.0
14.0
28.0
6.0
51.0
16.0
73.0
71.0
84.0
21.0
1.0
42.0
71.0
21.0
49.0
55.0
19.0
55.0
16.0
47.0
17.0
21.0
17.0
75.0
12.0
69.0
23.0
7.0
51.0
30.0
76.0
97.0
27.0
42.0
100.0
7.0
77.0
21.0
24.0
97.0
73.0
91.0
46.0
4.0
91.0
22.0
34.0
5.0
26.0
87.0
68.0
73.0
78.0
27.0
24.0
84.0
90.0
29.0
33.0
91.0
53.0
85.0
17.0
75.0
18.0
42.0
78.0
100.0
27.0
13.0
54.0
62.0
71.0
62.0
87.0
75.0
93.0
8.0
38.0
46.0
96.0
25.0
71.0
42.0
24.0
40.0
84.0
48.0
24.0
41.0
28.0
21.0
61.0
62.0
3.0
80.0
11.0
76.0
70.0
70.0
86.0
24.0
12.0
41.0
17.0
59.0
48.0
12.0
18.0
77.0
73.0
32.0
20.0
56.0
54.0
19.0
3.0
44.0
45.0
86.0
3.0
82.0
22.0
94.0
30.0
74.0
88.0
25.0
83.0
42.0
29.0
5.0
13.0
64.0
3.0
43.0
75.0
69.0
69.0
96.0
11.0
47.0
63.0
19.0
40.0
89.0
91.0
81.0
40.0
64.0
100.0
71.0
38.0
100.0
31.0
13.0
22.0
56.0
17.0
89.0
11.0
70.0
78.0
100.0
37.0
100.0
12.0
73.0
30.0
29.0
77.0
71.0
8.0
24.0
54.0
49.0
68.0
13.0
88.0
66.0
87.0
12.0
84.0
46.0
71.0
73.0
36.0
81.0
21.0
85.0
80.0
96.0
66.0
95.0
5.0
80.0
26.0
30.0
43.0
42.0
84.0
37.0
48.0
92.0
29.0
33.0
21.0
13.0
23.0
21.0
58.0
82.0
82.0
17.0
11.0
46.0
44.0
96.0
49.0
54.0
15.0
10.0
41.0
9.0
84.0
75.0
64.0
99.0
56.0
28.0
62.0
75.0
75.0
85.0
63.0
5.0
96.0
84.0
59.0
1.0
51.0
24.0
73.0
12.0
45.0
78.0
12.0
98.0
4.0
70.0
77.0
12.0
13.0
80.0
30.0
97.0
85.0
31.0
15.0
12.0
96.0
4.0
87.0
80.0
86.0
14.0
87.0
6.0
69.0
84.0
100.0
3.0
44.0
15.0
59.0
36.0
80.0
28.0
24.0
35.0
21.0
77.0
14.0
70.0
60.0
71.0
67.0
67.0
33.0
62.0
33.0
95.0
29.0
84.0
12.0
51.0
31.0
15.0
80.0
1.0
11.0
82.0
76.0
41.0
80.0
75.0
75.0
53.0
3.0
22.0
39.0
21.0
14.0
64.0
96.0
43.0
61.0
92.0
80.0
62.0
87.0
64.0
78.0
66.0
17.0
26.0
41.0
31.0
100.0
11.0
90.0
6.0
90.0
73.0
96.0
22.0
68.0
89.0
3.0
39.0
69.0
20.0
81.0
41.0
73.0
71.0
89.0
29.0
89.0
41.0
47.0
56.0
75.0
8.0
23.0
54.0
77.0
19.0
26.0
45.0
12.0
94.0
61.0
15.0
3.0
14.0
84.0
18.0
62.0
39.0
15.0
3.0
15.0
71.0
50.0
87.0
45.0
96.0
25.0
17.0
4.0
1.0
35.0
11.0
37.0
86.0
31.0
9.0
64.0
79.0
77.0
18.0
35.0
30.0
73.0
22.0
66.0
73.0
3.0
11.0
60.0
34.0
67.0
68.0
64.0
89.0
10.0
17.0
1.0
43.0
88.0
69.0
21.0
67.0
18.0
23.0
69.0
97.0
71.0
64.0
26.0
67.0
89.0
89.0
58.0
73.0
78.0
18.0
22.0
75.0
60.0
34.0
76.0
50.0
93.0
60.0
21.0
31.0
75.0
62.0
63.0
64.0
82.0
21.0
73.0
74.0
3.0
83.0
43.0
32.0
83.0
36.0
92.0
23.0
47.0
99.0
28.0
75.0
29.0
36.0
86.0
36.0
85.0
77.0
61.0
56.0
6.0
25.0
21.0
68.0
3.0
69.0
63.0
88.0
3.0
20.0
40.0
29.0
78.0
33.0
16.0
96.0
28.0
9.0
56.0
81.0
99.0
73.0
92.0
84.0
26.0
94.0
68.0
17.0
47.0
41.0
69.0
42.0
99.0
88.0
44.0
83.0
58.0
70.0
97.0
66.0
91.0
11.0
44.0
100.0
54.0
44.0
57.0
27.0
10.0
22.0
94.0
71.0
93.0
64.0
30.0
93.0
81.0
15.0
67.0
22.0
65.0
44.0
77.0
83.0
87.0
85.0
75.0
74.0
39.0
26.0
51.0
87.0
44.0
97.0
50.0
92.0
98.0
14.0
62.0
49.0
83.0
52.0
21.0
75.0
39.0
63.0
7.0
14.0
36.0
69.0
39.0
18.0
99.0
16.0
31.0
82.0
71.0
28.0
86.0
80.0
7.0
62.0
98.0
62.0
27.0
72.0
14.0
26.0
27.0
78.0
42.0
90.0
10.0
75.0
77.0
78.0
73.0
79.0
42.0
54.0
94.0
67.0
9.0
86.0
100.0
62.0
51.0
2.0
53.0
93.0
4.0
78.0
96.0
26.0
25.0
36.0
91.0
61.0
75.0
33.0
33.0
83.0
30.0
25.0
71.0
44.0
41.0
62.0
51.0
35.0
89.0
27.0
14.0
19.0
93.0
75.0
47.0
71.0
97.0
2.0
31.0
73.0
16.0
82.0
92.0
94.0
60.0
30.0
15.0
44.0
92.0
37.0
16.0
11.0
13.0
59.0
65.0
68.0
96.0
63.0
28.0
40.0
96.0
19.0
26.0
72.0
86.0
13.0
59.0
44.0
58.0
44.0
77.0
37.0
53.0
27.0
53.0
68.0
37.0
86.0
90.0
16.0
34.0
55.0
96.0
76.0
64.0
83.0
16.0
31.0
83.0
26.0
8.0
75.0
14.0
91.0
3.0
69.0
24.0
66.0
12.0
27.0
82.0
17.0
100.0
41.0
65.0
24.0
69.0
15.0
71.0
96.0
9.0
56.0
14.0
93.0
89.0
11.0
57.0
48.0
49.0
45.0
49.0
41.0
49.0
69.0
73.0
36.0
84.0
89.0
38.0
15.0
12.0
11.0
6.0
73.0
61.0
34.0
1.0
61.0
16.0
16.0
71.0
97.0
68.0
58.0
51.0
64.0
86.0
65.0
85.0
77.0
35.0
11.0
41.0
19.0
21.0
20.0
72.0
94.0
12.0
25.0
41.0
99.0
73.0
66.0
28.0
36.0
42.0
41.0
47.0
73.0
42.0
58.0
61.0
41.0
16.0
62.0
27.0
61.0
83.0
43.0
22.0
83.0
76.0
38.0
82.0
6.0
5.0
5.0
53.0
65.0
35.0
72.0
25.0
45.0
75.0
37.0
94.0
96.0
54.0
21.0
15.0
23.0
93.0
12.0
16.0
65.0
27.0
20.0
76.0
5.0
97.0
68.0
63.0
64.0
40.0
14.0
31.0
52.0
94.0
40.0
32.0
82.0
67.0
77.0
34.0
14.0
40.0
42.0
76.0
61.0
21.0
15.0
76.0
1.0
73.0
41.0
99.0
49.0
85.0
99.0
56.0
27.0
98.0
3.0
56.0
89.0
31.0
40.0
90.0
14.0
28.0
65.0
51.0
64.0
77.0
34.0
5.0
94.0
73.0
86.0
28.0
72.0
100.0
58.0
71.0
28.0
78.0
73.0
96.0
79.0
75.0
49.0
39.0
82.0
99.0
15.0
3.0
4.0
97.0
54.0
22.0
20.0
85.0
72.0
71.0
84.0
67.0
73.0
28.0
20.0
9.0
57.0
11.0
65.0
89.0
58.0
87.0
99.0
47.0
89.0
2.0
66.0
39.0
26.0
99.0
38.0
8.0
3.0
56.0
14.0
83.0
12.0
27.0
25.0
93.0
33.0
61.0
100.0
29.0
89.0
1.0
26.0
35.0
8.0
33.0
50.0
32.0
59.0
71.0
12.0
100.0
68.0
98.0
44.0
86.0
90.0
84.0
100.0
83.0
42.0
68.0
41.0
97.0
61.0
76.0
51.0
12.0
72.0
65.0
67.0
89.0
64.0
87.0
65.0
24.0
30.0
45.0
69.0
88.0
46.0
5.0
100.0
99.0
63.0
20.0
94.0
70.0
73.0
29.0
88.0
78.0
93.0
41.0
29.0
43.0
80.0
33.0
65.0
35.0
13.0
27.0
21.0
83.0
88.0
68.0
82.0
16.0
73.0
97.0
94.0
71.0
76.0
2.0
37.0
58.0
60.0
69.0
97.0
2.0
37.0
85.0
44.0
72.0
17.0
87.0
82.0
8.0
22.0
72.0
40.0
12.0
12.0
44.0
32.0
31.0
30.0
96.0
38.0
71.0
21.0
91.0
4.0
18.0
73.0
68.0
78.0
86.0
69.0
65.0
61.0
34.0
90.0
66.0
77.0
7.0
41.0
18.0
59.0
69.0
69.0
41.0
77.0
39.0
14.0
56.0
23.0
56.0
60.0
24.0
27.0
1.0
20.0
11.0
66.0
91.0
44.0
8.0
94.0
71.0
30.0
84.0
31.0
58.0
3.0
80.0
92.0
12.0
32.0
85.0
17.0
71.0
89.0
96.0
38.0
91.0
12.0
97.0
96.0
33.0
19.0
44.0
91.0
48.0
6.0
65.0
82.0
26.0
56.0
45.0
24.0
66.0
49.0
53.0
97.0
66.0
14.0
27.0
33.0
69.0
27.0
38.0
75.0
31.0
83.0
24.0
59.0
60.0
67.0
13.0
69.0
56.0
86.0
17.0
64.0
61.0
13.0
80.0
4.0
27.0
75.0
60.0
16.0
83.0
17.0
17.0
61.0
47.0
67.0
79.0
16.0
71.0
18.0
70.0
88.0
14.0
35.0
85.0
91.0
94.0
81.0
17.0
27.0
23.0
79.0
65.0
76.0
22.0
75.0
31.0
83.0
99.0
54.0
8.0
35.0
26.0
71.0
47.0
37.0
4.0
54.0
21.0
57.0
68.0
81.0
71.0
65.0
45.0
42.0
19.0
3.0
79.0
51.0
77.0
11.0
24.0
5.0
24.0
75.0
28.0
14.0
50.0
68.0
72.0
67.0
98.0
15.0
54.0
94.0
32.0
28.0
89.0
62.0
54.0
28.0
83.0
17.0
85.0
29.0
65.0
77.0
82.0
12.0
44.0
46.0
78.0
85.0
75.0
95.0
39.0
92.0
100.0
41.0
50.0
97.0
73.0
54.0
87.0
80.0
99.0
99.0
33.0
46.0
21.0
23.0
18.0
39.0
12.0
10.0
11.0
89.0
34.0
75.0
17.0
20.0
27.0
73.0
45.0
72.0
51.0
73.0
85.0
24.0
62.0
47.0
32.0
80.0
58.0
19.0
5.0
11.0
76.0
22.0
96.0
22.0
80.0
4.0
16.0
61.0
68.0
89.0
75.0
36.0
26.0
28.0
84.0
32.0
46.0
98.0
56.0
99.0
62.0
13.0
4.0
3.0
56.0
61.0
77.0
72.0
30.0
77.0
13.0
6.0
73.0
14.0
5.0
94.0
82.0
35.0
46.0
79.0
87.0
37.0
24.0
83.0
100.0
14.0
6.0
71.0
26.0
67.0
35.0
37.0
36.0
30.0
77.0
78.0
56.0
78.0
30.0
99.0
89.0
6.0
33.0
86.0
11.0
85.0
41.0
76.0
26.0
73.0
24.0
25.0
40.0
73.0
34.0
20.0
72.0
12.0
68.0
31.0
64.0
64.0
87.0
10.0
99.0
15.0
58.0
73.0
24.0
23.0
89.0
100.0
11.0
9.0
39.0
69.0
2.0
89.0
58.0
7.0
84.0
1.0
59.0
66.0
100.0
87.0
33.0
20.0
62.0
32.0
30.0
66.0
79.0
40.0
73.0
99.0
27.0
77.0
55.0
17.0
48.0
15.0
90.0
51.0
83.0
70.0
27.0
77.0
45.0
99.0
51.0
63.0
11.0
18.0
3.0
77.0
78.0
6.0
86.0
2.0
93.0
87.0
83.0
89.0
3.0
9.0
14.0
46.0
90.0
81.0
100.0
87.0
99.0
86.0
75.0
84.0
84.0
85.0
78.0
61.0
66.0
1.0
58.0
20.0
11.0
73.0
45.0
62.0
44.0
97.0
27.0
90.0
86.0
66.0
31.0
13.0
22.0
89.0
89.0
35.0
51.0
6.0
31.0
37.0
3.0
58.0
11.0
29.0
1.0
69.0
23.0
87.0
73.0
96.0
10.0
82.0
1.0
45.0
24.0
45.0
86.0
86.0
60.0
62.0
20.0
25.0
88.0
30.0
22.0
19.0
5.0
78.0
73.0
63.0
91.0
68.0
75.0
59.0
77.0
79.0
94.0
20.0
13.0
47.0
44.0
31.0
38.0
70.0
21.0
33.0
78.0
85.0
83.0
9.0
77.0
96.0
76.0
45.0
82.0
43.0
3.0
3.0
33.0
30.0
53.0
65.0
44.0
82.0
93.0
12.0
99.0
86.0
30.0
20.0
11.0
51.0
32.0
53.0
54.0
43.0
64.0
69.0
99.0
100.0
78.0
100.0
25.0
82.0
49.0
88.0
66.0
83.0
66.0
83.0
92.0
11.0
39.0
17.0
29.0
5.0
92.0
11.0
27.0
24.0
4.0
63.0
98.0
13.0
13.0
7.0
50.0
70.0
11.0
31.0
16.0
21.0
71.0
62.0
26.0
73.0
82.0
45.0
65.0
49.0
90.0
9.0
43.0
99.0
7.0
22.0
10.0
15.0
27.0
73.0
56.0
61.0
14.0
35.0
91.0
29.0
23.0
8.0
4.0
9.0
99.0
49.0
71.0
56.0
59.0
12.0
86.0
75.0
73.0
59.0
57.0
14.0
44.0
13.0
96.0
42.0
3.0
23.0
27.0
11.0
64.0
64.0
97.0
100.0
64.0
25.0
57.0
31.0
98.0
70.0
74.0
40.0
96.0
8.0
83.0
91.0
56.0
67.0
65.0
17.0
4.0
53.0
73.0
99.0
22.0
96.0
26.0
7.0
80.0
82.0
1.0
49.0
68.0
77.0
77.0
83.0
8.0
27.0
58.0
23.0
21.0
17.0
32.0
32.0
7.0
3.0
14.0
65.0
42.0
100.0
61.0
3.0
62.0
93.0
42.0
34.0
33.0
48.0
77.0
79.0
32.0
49.0
37.0
97.0
73.0
56.0
21.0
4.0
99.0
27.0
22.0
21.0
75.0
79.0
77.0
21.0
14.0
70.0
17.0
88.0
99.0
87.0
56.0
35.0
13.0
15.0
75.0
33.0
59.0
12.0
26.0
85.0
18.0
18.0
74.0
39.0
61.0
100.0
28.0
21.0
12.0
29.0
47.0
90.0
16.0
75.0
73.0
25.0
3.0
13.0
88.0
85.0
22.0
65.0
76.0
80.0
8.0
16.0
27.0
13.0
49.0
32.0
25.0
25.0
77.0
78.0
51.0
48.0
77.0
82.0
85.0
33.0
81.0
12.0
48.0
56.0
78.0
37.0
76.0
65.0
32.0
55.0
89.0
75.0
4.0
77.0
96.0
14.0
71.0
71.0
21.0
75.0
50.0
58.0
29.0
13.0
45.0
18.0
75.0
30.0
76.0
22.0
45.0
12.0
5.0
77.0
31.0
97.0
89.0
82.0
70.0
23.0
4.0
64.0
33.0
31.0
59.0
75.0
21.0
64.0
50.0
66.0
77.0
24.0
73.0
87.0
13.0
59.0
76.0
97.0
87.0
94.0
35.0
49.0
43.0
76.0
33.0
11.0
31.0
11.0
36.0
69.0
94.0
19.0
16.0
3.0
16.0
76.0
34.0
62.0
38.0
8.0
22.0
90.0
30.0
6.0
46.0
71.0
64.0
49.0
21.0
23.0
86.0
28.0
16.0
12.0
86.0
72.0
24.0
32.0
99.0
97.0
75.0
64.0
32.0
5.0
71.0
57.0
50.0
11.0
24.0
63.0
82.0
61.0
46.0
13.0
44.0
22.0
85.0
12.0
62.0
92.0
60.0
56.0
17.0
88.0
62.0
9.0
54.0
89.0
76.0
85.0
70.0
88.0
34.0
48.0
39.0
75.0
37.0
21.0
27.0
63.0
100.0
27.0
56.0
30.0
71.0
30.0
98.0
70.0
56.0
22.0