32514.75907
27992.95636
62447.44577
53169.14872
7791.21671
45596.48193
39788.35119
64313.23662
32163.68076
21708.07074
54003.34902
24774.57782
35975.07970
46286.68267
18480.27386
52840.74279
52391.86379
25900.47874
20556.36916
15701.81213
32827.14282
44539.26197
13400.89961
11322.49929
38106.02534
52341.41043
9499.17941
19693.34046
480.88237
15443.47943
53243.20901
38815.35719
18087.66614
42863.89045
57288.45006
48171.87220
46279.72710
36615.42450
59857.66843
28293.81575
48714.32170
20707.82844
44349.63302
38093.04911
53474.57716
50800.60943
11947.97562
31392.56149
21910.67094
40313.58995
19609.74658
31172.22091
22791.81896
44558.90751
21850.49485
55379.43121
67541.17469
31952.38865
11697.07956
35231.08507
44751.82312
10221.90573
24120.48056
38808.79140
21482.84375
40836.64830
55132.70173
19189.27151
39123.82028
40078.60447
53369.37007
33536.35498
39368.09539
4377.98034
30571.54648
56897.20806
39176.37415
19733.39457
31070.67205
39190.34600
10066.87146
51224.07360
53479.39155
47231.58180
26356.13054
36151.67503
58266.45742
62190.97188
45957.98252
38343.15516
32849.07566
30291.26554
24504.68600
20235.75250
26434.75082
36249.18734
10244.36801
24250.96561
16774.18554
35526.29880
49587.26026
11731.90066
55930.46764
47189.45849
47080.21081
33146.75355
38160.73034
60728.90119
14744.97994
29824.23108
52943.77705
17143.21868
19163.48819
53008.39003
17362.69313
41452.41850
40777.61480
7468.96449
11035.59339
25267.49943
7806.08429
62424.22123
37348.91814
57773.21581
70228.27772
57381.13303
51550.21079
59893.52505
40432.34688
63329.04152
63514.64060
62009.72373
24682.46546
36306.76756
75383.06967
56631.14899
66095.41696
22654.10914
62697.04764
1428.38511
29164.91548
69612.13724
24648.24899
14768.74923
49237.81419
58767.86029
20738.83524
23116.77776
64679.05004
16334.45320
41051.05142
26851.61966
65016.94095
37875.87971
10726.41483
48470.69045
51904.29290
13144.57077
44452.77150
17222.75735
37521.09221
24002.69560
37864.36279
56939.21201
19285.11730
18290.52887
52164.50461
61448.46132
24628.46672
54320.08756
54724.91253
12171.41437
34464.74396
49420.20087
4904.94188
61076.25566
21153.29370
24957.69831
19023.44660
38243.85837
34229.60649
50610.21272
43357.99777
68045.67662
48087.00786
56099.09670
65830.50935
66571.13716
53916.39406
13627.98800
18537.30695
33013.15165
42510.92428
7979.91635
41725.67667
13224.72164
23313.46113
9005.61763
17635.28918
30594.03395
18379.65910
17377.10979
33300.23793
34664.85632
4034.89490
33497.94835
29304.26570
39542.57643
23055.51772
18292.40047
29021.27082
18348.66761
23382.13955
27699.07781
13800.21315
29980.17842
34975.71203
18092.01075
16623.38383
15903.44112
25768.55722
26826.24639
14630.22816
1916.67718
17808.08116
30008.13795
3430.28800
3371.90285
7047.59437
1893.77092
29847.34545
22362.83696
11342.49700
30719.77030
28445.81951
29622.62427
28977.62894
25054.26216
31805.01735
21994.92307
30326.07345
5327.09038
26615.49144
27138.38177
35131.18325
27641.23353
13953.35757
21013.78585
3878.27510
22726.91713
10655.69586
18419.12712
5494.69714
29307.04277
20573.20595
29857.29578
38256.27814
25689.55628
5436.63198
25825.83010
34760.11800
11489.62988
15270.02794
16494.69112
16756.80215
25917.94489
38505.84593
5166.83609
26553.84993
19175.48493
27887.75019
24249.78138
24425.97276
4869.30194
20550.34548
33757.30975
27417.88510
17557.07240
19614.48008
26992.14373
11252.94361
33830.29508
37118.92912
30009.40668
14747.47501
21736.87017
30162.77496
39787.39715
27141.13899
27070.25806
20290.19891
23149.38002
12318.33661
16821.90201
16174.11257
23324.78194
10572.29129
20456.00170
14896.35364
24346.97352
43159.48587
37379.71553
10126.30687
32877.18356
57578.43957
41616.64027
16075.83048
16536.65488
31548.52446
66115.58500
7233.94628
49650.29992
23819.06638
24067.99852
43916.04934
10754.35336
30502.96783
35591.98342
40182.32194
54405.11276
40093.70336
37940.60163
58038.92371
71509.94048
53120.13461
17957.94408
57401.07668
75268.09992
65689.00128
70931.49134
17558.35431
36117.38986
45363.32298
14947.76340
43919.00070
25410.58197
23423.44762
25954.54731
27659.97251
39299.60038
28128.48810
62560.90807
32605.86865
31297.59173
12627.23098
21396.16128
46903.43951
26052.41852
71827.09761
28136.82025
51834.76850
33775.02905
70097.41774
9984.59524
49625.10534
11106.87566
10285.63469
25615.05765
57971.72494
30902.08784
31659.49334
54655.91584
44275.60620
37350.17818
34338.81571
35528.07417
18158.57256
63619.87265
38281.07020
35869.78180
16356.60554
33091.65664
21639.57280
69260.62349
38016.49349
13314.67156
25433.37529
51411.49048
45409.69141
19185.46509
61728.79743
3808.38101
18765.12306
39224.00538
47934.88091
35553.87840
11580.35629
9832.97395
15123.31254
44603.52404
28568.93472
65657.54613
47799.30374
43547.11241
35379.01668
36843.44940
47620.36006
46499.15843
45661.50146
20449.91744
21986.57329
7878.12388
23089.05504
17338.35647
18797.69309
11662.26582
20142.16994
28800.44578
7958.79591
9041.12345
22818.96155
3558.96344
11151.24847
21637.93593
9782.05128
22214.12017
16572.66800
6115.52726
7610.37580
7881.19654
4757.79039
31435.61633
10658.42518
19381.10092
26803.38763
24236.33491
19433.21049
28154.28335
16711.00849
25036.69996
29389.81902
26154.83713
12728.53979
15314.42466
34427.06664
24846.82297
26618.46203
10963.19748
28922.52533
3141.94597
14635.01284
28134.93975
9562.95814
8153.29517
19051.54575
27189.65342
6901.50893
11834.53964
24180.12199
9603.03950
19366.52091
12520.63142
22624.86346
17781.85089
1723.84330
21643.70088
24472.65843
8406.16063
18638.39291
9242.93037
15301.82648
9111.55771
19017.88334
24209.04886
9608.00249
5944.08309
22309.13593
23574.60967
10716.57392
23561.70339
25247.38012
7966.53453
19106.23818
18341.93305
1899.70727
29799.75689
10455.37332
6682.97232
3859.63789
16665.59165
11225.79769
25553.98507
18881.84698
30757.08619
22673.06973
23178.94530
25393.30070
25923.10675
24314.06508
4540.47338
10504.80256
8705.59596
18693.46738
4549.89952
19725.24378
5012.85213
10432.94926
1443.18424
5570.38189
15351.88784
35626.27320
67759.50768
72188.57974
104065.21257
76008.86807
112727.37115
46991.82182
84888.89752
68510.50048
105652.27620
50332.84358
103151.85981
66732.91037
32428.78517
70348.75387
74545.53324
96493.19547
69064.12711
66282.85120
93676.29560
79582.39023
15107.75650
105337.82969
80473.65966
37257.70145
35555.97416
77059.27201
86266.73086
87631.89357
84301.50980
33672.49489
25323.48670
63704.24164
76855.30174
4138.01549
25611.80624
30553.89020
64702.64452
25496.86580
77130.19377
85873.16340
68130.89804
90066.31333
93992.82944
84081.94614
30249.19116
81658.50378
60178.60076
70996.32867
72496.40086
58301.27138
58841.16785
71559.75813
60743.69463
96687.63312
64214.16781
76287.27531
68381.51580
70412.70287
85447.21681
89895.28438
81984.19934
43078.65164
30278.21592
69126.96363
97095.73015
88119.43833
67766.62314
93360.10702
34805.30589
40088.73350
82876.90718
43460.17055
87776.65654
92204.31393
42773.25602
87435.42658
108955.20008
106634.43322
48987.89242
92214.96130
49918.81070
85544.04525
10878.49486
48118.19945
28076.00092
42814.29465
69072.65127
39555.33024
104584.21321
60008.07466
114544.95909
49634.67187
72275.92078
41484.21157
92744.84376
80084.35661
98143.34538
98447.88873
56771.49535
11197.16366
7148.81853
5350.99565
1330.32233
12838.45048
2955.43830
7510.34925
6377.46702
6175.12658
10728.26462
7787.69593
7755.60429
4318.34729
8703.98743
8210.89749
4793.27598
1105.81340
5972.06161
6817.08950
10926.85065
4658.28438
13846.46829
10537.95412
14801.16603
15579.77044
10371.29445
14197.88701
17400.44632
12928.19670
14691.54226
10370.35214
11711.74002
8957.92375
3493.62536
13889.40743
11732.58823
10555.74281
5270.68089
11506.82850
6380.69238
385.37321
16219.98423
2011.09585
2958.52797
4148.77913
11634.09090
9297.86785
5790.62416
14768.90770
3347.87498
11185.66625
7055.73781
16356.81115
5181.31122
6534.03306
4308.19211
5837.51417
3918.20265
11642.70966
3426.02890
619.03136
9065.25006
12284.48218
13646.03894
8315.32149
3939.12879
3348.94364
17205.92630
2367.17971
11476.41209
8730.52916
4035.59285
7202.73461
12919.46802
5494.74815
9600.70414
2153.35411
8163.59353
6853.22606
7173.59909
11393.30914
7553.02431
2715.87408
12387.85787
11128.23660
11854.70231
9007.11059
6095.87059
7863.01933
3997.70552
5598.40957
7551.55138
11016.24985
6663.04524
9929.40911
4649.43274
10611.90545
6275.97720
9646.95461
6110.78627
14063.06651
10278.57053
2659.27887
9885.51709
20137.99570
13171.14425
5947.04359
6214.88134
9738.21565
21333.11003
4583.70656
16435.60926
7837.23708
9187.92603
13321.93035
2021.80945
9236.98387
10992.07603
12392.74803
21609.82100
11024.80513
15823.09036
21731.36676
28094.27486
19817.06787
6555.17187
20927.39670
26993.74811
22389.76108
22865.75332
7996.67791
12060.03682
16447.63631
3650.67032
15314.32613
11263.30974
9491.80501
8405.27374
10428.64189
12810.63041
8194.45727
22784.67160
8454.46451
9053.08002
2844.55586
9423.91605
19607.97501
8390.21165
26447.38801
8966.12805
19839.03631
11808.16690
26077.46241
2605.29896
16148.58470
2067.53805
3334.58113
8613.89695
20045.74784
8108.47527
10599.69409
17235.16900
15966.13033
15784.52556
11931.99804
13135.71887
5776.56000
26823.20521
11937.16205
14578.97307
7643.60187
10129.67247
8792.99671
24325.96776
14993.50124
5630.64314
8253.08464
21982.75931
16816.22209
6526.30262
19385.02255
2918.50206
4752.26826
14542.85136
15254.41236
13425.82998
5859.84992
3490.61498
6025.88405
14399.13600
9121.99667
19280.35374
16650.34690
15391.21266
14685.04995
13630.50173
19510.64390
16420.57623
17082.09380
6027.21993
18996.22889
19731.55615
18377.21893
29965.53560
40062.18396
34952.57308
1992.63089
31974.33817
17175.58916
45452.07247
11524.49686
32288.07203
14888.81851
5912.92555
24743.36174
19764.20893
28677.06990
19970.82113
23791.54719
39124.59298
25884.03529
19850.12421
45654.70210
47262.46570
29069.90620
9577.88822
39619.65321
51005.99131
39499.49963
44097.92529
11332.41520
16393.63066
24697.58217
13692.59744
23249.75370
11280.91308
11682.22171
13408.24362
13610.17259
23172.50939
29795.05961
47047.46332
26836.15659
24969.96850
20423.52163
13363.40764
35726.89908
12743.32930
44773.80261
19861.70056
27078.23775
12178.09124
37954.78595
11814.84757
29876.01365
18188.01344
24465.64065
19522.34846
34523.17702
22600.20565
33760.24634
32655.45350
18306.89418
18876.57349
17576.22335
34037.11001
28863.81949
37388.16721
29548.32388
14611.74087
9666.26092
22928.09434
4293.40674
43531.98690
31851.12670
13404.34113
24152.81134
38907.29495
35428.72004
4994.31959
44320.09821
13148.64503
24554.49123
22598.72036
23743.05283
14994.25578
13452.18846
23447.63002
5026.32894
28847.22925
16312.20107
43184.55082
21752.29111
23327.02822
15260.18705
27748.04656
29857.02707
27510.02581
29838.51728
7131.86960
39151.63620
14397.87144
29209.47812
19529.70336
42460.63171
16744.13614
29288.09838
39774.28844
12072.56550
33958.88879
37851.21904
19090.75475
9770.78708
37943.14784
18237.84070
25304.32319
19178.92596
10393.11619
14504.14522
27769.15053
4702.58597
50941.78874
31379.63644
47797.11092
53598.79750
37679.28811
39778.98639
59992.31942
42169.60613
52618.77686
39190.89010
44301.19630
28846.32890
17443.19132
49850.77627
42628.25385
40924.18090
13489.00114
42124.83528
11138.12925
12740.76779
58070.89303
7123.49437
2039.39343
22155.92584
40615.90179
26293.70228
12482.57223
54328.50412
4805.83558
41139.42327
24404.80190
47258.98703
23340.81476
15143.40262
22773.92291
30777.81085
6472.82699
40293.97383
4524.72626
16299.48519
25515.07456
37184.90315
41811.67754
18941.77813
7982.36562
27875.40693
52172.04932
9048.62750
40907.49717
38367.19964
2717.06734
27731.65430
41227.04048
11116.53509
43204.41388
7393.72571
26846.27761
18952.31469
24437.76367
30288.68684
31680.83736
19586.53008
48913.22308
37369.25191
40555.17087
43446.95943
34314.73837
34266.94778
9122.39912
11952.25071
25883.61947
35407.60272
15797.37463
31397.36941
8292.08216
25583.49091
13191.16162
21034.61302
19380.94468
59727.48069
31061.58917
55631.90459
47695.76579
38334.28471
35832.22893
52161.23200
72071.24319
30785.43616
2069.36487
56093.87162
11988.62084
38686.52592
64734.69820
29161.00384
58170.36552
47332.12184
29680.62501
25122.84358
11538.86902
23777.77275
71545.16378
10961.66690
35327.38108
66238.25032
64817.33416
36575.80277
50654.67239
27043.39780
39359.14247
60773.04150
62055.13658
30961.48698
49253.63264
72953.91152
61809.90923
67686.06939
35071.93837
68527.46812
22811.31698
37197.56387
54408.68061
36974.49912
35689.80400
59606.30701
71961.42360
18495.92841
38200.36436
51591.36622
38016.74050
38278.27337
35818.63977
48385.97240
54270.40887
16553.95964
55080.53384
57367.34333
31627.57333
35471.74967
33805.10348
38689.76527
24440.70935
44651.02959
50612.20868
33371.59178
28205.95346
50628.52106
50698.39604
31190.21114
60100.70530
64918.99892
29487.08877
50473.11810
32460.22541
20855.36073
69953.86863
37749.69124
7284.96975
11827.42165
44329.07987
16069.55671
67212.57740
55878.98210
67451.07836
46392.61366
51074.05760
62379.04511
64094.11566
53835.00292
23780.08396
34277.17381
10952.49177
46712.52185
24548.93649
51718.18773
26945.11076
26379.14899
16498.94804
15084.23320
46881.26104
23803.15109
2254.24766
26100.81123
27519.24914
27238.06239
23862.45365
18092.05590
36867.79334
1373.89712
24445.51885
25585.99680
17493.49715
6034.09173
21986.34386
7874.11348
22377.79811
25833.56036
4201.95063
6041.43271
19992.51035
10266.53481
33596.29229
24122.19047
35744.29144
29577.71463
26614.31164
26761.63481
42087.23023
24960.12095
34778.61923
30749.40584
25656.44714
13673.07004
13787.64865
41069.81301
25874.41707
27529.34155
5811.89798
27618.82975
9038.99925
21273.42373
32206.91539
16332.02468
12418.14247
23781.06849
31526.31856
17188.76064
5656.45683
39525.24275
8762.71686
22950.85001
8171.63444
33734.11184
16678.20817
15158.62145
20952.33471
29551.33497
5758.48351
22751.01151
8350.72135
23440.81585
15882.64307
20056.34648
25755.25137
6107.36962
14766.56678
24867.08992
34368.60022
19922.31483
21076.14720
28430.82514
7987.97481
13270.25198
24855.75980
12640.66709
26277.20554
12890.81969
21962.81166
17833.63645
11755.36658
21557.06185
24983.39244
22776.38792
33428.51409
20542.93390
25235.62358
29395.87474
29032.52470
23564.65532
16537.79257
2959.20176
28064.96518
21776.89588
8207.18675
18458.27667
13847.76990
16983.48951
12228.16176
16220.76977
11469.12428
32869.77202
28589.66245
54587.03306
47865.80541
10292.60146
41125.38541
42902.35876
56902.72964
30520.24672
22213.59848
50562.08407
24846.54537
36186.35024
46311.24722
23216.59996
55607.38434
47138.47396
29504.93322
22240.31542
14477.12880
32289.74659
50247.49337
14170.01366
7852.49543
36215.13798
46558.32365
10807.77069
15280.80480
4487.46175
12301.92909
50194.46701
40531.74778
18633.00176
45008.38641
49029.89961
48469.70982
50479.82274
37594.17796
47470.15753
24884.45284
42746.59391
18996.69458
39872.33310
34055.71522
49942.86194
46675.14498
16565.19232
33283.36537
15931.43184
35367.42669
18684.64407
31866.22928
19859.99809
42502.53027
23568.72365
53725.47631
60760.13155
36404.31047
12868.73917
39767.18804
46560.92052
14036.66715
23735.80400
36238.58966
24773.34601
34048.31938
51509.17398
15668.57525
41329.02296
36888.89545
46822.79210
33960.77904
34166.47265
4517.15648
25729.88429
50239.06581
44150.04046
19548.48828
28067.23487
35319.91999
10171.34218
49556.93273
50370.08502
54439.49772
25725.76415
34720.62324
58995.50618
53307.75937
49084.08968
34366.08040
31356.57779
33724.04919
27584.09037
21474.25852
33069.20365
36797.84758
13041.48680
22656.17879
16748.58540
39723.44129
28266.58225
13612.51169
21712.34042
11829.46295
22986.47240
6078.52216
21572.95517
22556.19063
14299.26778
9968.13355
26037.85575
8781.79841
12686.46483
26717.86718
14459.94864
19667.40696
12369.82864
11839.16431
14672.66245
12424.29898
9506.75349
31615.42472
13078.71755
22664.24633
30554.22121
29158.50846
20693.95237
29691.67777
20485.53888
24850.57937
27245.63045
27673.15471
18415.89896
18151.90190
33258.37171
30552.18136
29740.45483
17301.48540
27573.78599
10351.88305
12460.26360
31098.31207
9073.69256
9480.28097
17286.28000
30035.41185
11661.70907
13805.81378
27252.17388
12863.05576
24056.96573
20048.61144
27243.73407
18747.86396
8889.65432
19132.82847
21770.33445
13350.23004
23013.07686
11734.47463
10831.71199
15960.23139
21634.83697
26592.43249
16001.93167
5917.53687
17364.63853
26694.28676
6936.83863
23984.78726
29251.46997
10930.84671
21078.40618
21300.48188
8228.32386
27781.05225
11131.16768
9872.32227
5059.00691
20263.11052
13969.32855
23542.49183
18026.74229
28754.28418
27959.65381
25620.92132
24770.59327
23810.80766
24076.18130
5995.83315
13614.99016
5067.99863
21369.48565
11168.35544
22463.68708
6543.00116
15392.35224
8637.99277
12194.80220
18529.80405
14708.43607
6862.88058
14478.97496
13228.80722
11338.25350
9833.40724
15271.03879
16600.36075
7082.70922
3567.18732
15480.05401
305.77894
7871.67887
15733.36306
6196.40483
13420.44427
12035.64564
5773.52445
5908.55832
3417.11721
5114.38028
17369.43675
4841.55384
13000.03246
16048.82877
17861.85076
11540.26289
14976.15945
8251.48330
13891.46537
17809.40299
17630.09813
8188.62926
12476.69713
20411.77690
16087.05005
19948.47293
8354.97377
20628.57780
3653.12059
11568.01122
14013.20517
8423.14258
7286.72482
14462.30344
19209.47324
4023.76109
9887.85750
16010.29926
7626.87149
13013.13352
9335.84181
14711.63780
14654.91522
1291.28262
14005.95126
18526.59671
6636.13637
10270.55322
7747.93923
10498.30396
5383.09294
10963.98202
16242.64694
7287.28935
5677.98318
15263.98034
14761.10629
8032.41793
14055.24726
19375.54068
6971.11555
12166.01063
9395.20901
3398.68224
16900.62042
7943.01054
2248.37466
1680.29694
12904.78138
6163.17232
16234.64936
15213.86014
21085.01941
15000.15288
16366.52372
18508.61898
19767.71711
16907.25666
4733.30373
7878.97988
4994.40818
11806.76305
3549.59423
12635.72338
5104.86332
5912.28457
1695.35050
3133.72904
10649.26219
87601.36398
48494.50133
45099.45809
16365.90256
81766.68970
5851.13960
59558.78266
51523.16645
41215.22010
52675.28484
69972.69546
44207.14065
36041.31612
77038.63855
51586.28927
46284.74095
15811.74194
43039.35082
44107.10936
54388.89588
25446.65976
83575.33921
68228.89685
88232.87369
96875.01167
71094.27245
90528.92015
107949.41877
73078.10942
97378.45051
74446.31973
93918.52161
70693.47774
34429.91644
107386.81120
86808.12260
81152.91467
43621.59979
86860.32623
37740.19065
13997.13835
100698.52996
16248.79990
19560.00264
36607.62808
75579.07442
59396.54787
39812.27778
106703.02731
26908.18396
85044.74458
61794.28923
91931.26383
43540.69231
39577.91569
38172.57025
48858.31699
29720.23552
89769.75893
29986.03147
9251.96269
58493.81358
85687.83693
96126.38830
51129.57423
18549.55458
35217.22121
110928.15633
10478.79086
73212.11092
71003.65910
24942.72430
53712.74251
83320.34455
34757.52322
77807.64166
20904.15317
54303.85490
38478.99962
49609.58904
68117.97385
60229.85319
32862.35024
86909.76381
76855.48092
83567.03164
77634.25002
51012.19531
59247.79468
22798.25275
40561.40221
46779.94352
82948.33263
42874.45146
73291.07360
23928.92105
64019.43797
44783.75424
51759.90222
44425.78196
10242.99092
26916.41196
31239.20467
51431.09086
35911.30262
46431.00653
20618.82920
43158.42576
32850.04794
50874.50526
24924.95724
40014.84931
30026.42874
13053.73952
31878.18281
35883.14820
50262.22508
35138.61341
30924.36868
47937.59829
35098.39482
1865.87897
45995.22913
40597.09131
12999.88622
17087.97240
35845.29384
39042.63551
40769.61910
37392.55782
16387.68200
5554.53303
29474.37065
34870.11968
5917.55054
8044.68426
12618.03856
28295.25726
10757.60917
40387.93789
42746.85931
34803.52476
40711.97830
39511.80758
33939.00874
12526.56398
40055.66645
28763.54833
37597.28004
37688.77992
22310.49881
20397.11618
34672.74866
30820.23468
40915.65557
30932.05890
34984.36044
33839.29230
28894.95904
31867.59284
48520.76977
34449.93266
16894.62973
10599.96414
29045.00439
48640.25913
45092.14358
32862.59728
49331.65344
8784.85366
16640.19838
37586.24896
16602.00848
41106.36432
42273.53803
20188.38964
37324.98023
48629.06383
45916.07928
22057.24950
45079.75567
25656.31159
40099.94242
4175.80257
16296.95939
9146.66216
22324.16768
35137.27460
18275.00532
39680.44607
29088.65859
58668.57280
19561.68018
38732.81970
17451.39043
43696.25680
36777.63718
40876.52221
42192.77156
25271.35364
8786.53712
2815.49729
6264.95821
3848.87742
8481.65215
3230.66734
6210.30063
7299.50611
2297.67600
6458.93492
7242.85195
3501.85835
2032.57439
7057.33179
4270.59092
4967.73252
4112.89466
2088.11938
2797.41608
5526.11316
760.94759
8835.93072
5884.04235
9925.53857
9067.31808
7262.73304
9180.73948
11079.86057
8345.19660
10504.04384
8641.90256
8405.04314
5092.54398
3489.57865
10553.13863
8650.39180
8586.49274
3075.46967
8573.49171
1953.89644
3040.13719
9937.72859
1445.87359
516.04965
4503.56467
9024.27875
4400.26958
2714.40910
11075.37569
1083.40843
7683.55470
4548.26937
9328.28865
4629.92213
3415.60472
5195.51109
6211.26952
1441.18060
7968.75223
1006.09036
2963.72564
4857.00487
7414.15650
8035.72272
3836.80904
1523.37663
5606.75774
10661.83701
1828.07015
8184.28686
7714.33099
654.28803
5221.50685
8020.44133
1916.48821
8253.81150
1317.00609
5503.29191
3659.88154
4490.47415
7013.80864
6135.64904
4822.31378
10471.50692
8159.23855
8694.26214
8774.37969
7679.74325
7005.41658
1730.79195
2270.95684
4882.25248
6864.93919
2775.47087
6754.96267
1434.69042
5359.09764
2869.37098
4418.39535
4169.41540
36628.26549
21269.38319
36879.46922
27694.69265
24581.13544
20643.49793
34016.75857
42307.04707
23208.31493
1404.75978
39037.71167
6444.25863
22158.40309
38355.02222
19279.69577
39793.44260
31464.17379
16451.81342
16244.94216
7624.78519
16381.35525
46836.22623
7757.72322
22441.86557
37109.51482
43470.09594
24308.37334
29950.17825
18319.88723
26643.60554
44823.99653
38521.81419
19671.93676
28602.17315
46272.30416
42909.82704
38827.13036
26907.91387
44917.91589
15481.94459
27585.70000
34551.79489
23463.27976
18573.73066
35520.86703
41448.50618
10248.52310
25068.77783
29064.26645
21056.74644
25850.27133
25309.77998
33363.34449
30448.12487
9172.49427
38380.18857
37991.85974
21790.84134
24465.16764
23324.09607
29512.48961
17433.35522
30439.24660
32967.52276
20379.85490
15498.43248
38281.85385
30184.46624
21398.77589
39363.05465
45878.35933
19216.31061
29783.37256
21741.18407
13282.77287
49184.51926
24369.21452
3980.24904
7532.22301
32128.37036
9656.49038
41853.26953
37519.81690
43387.32026
29683.69151
39933.60989
48185.17210
45300.71877
40076.06347
15393.62807
21379.61397
7732.66165
32785.37989
12912.78135
33735.42343
16769.15235
15102.59030
11641.72096
10375.69111
31010.99112
61928.16289
32834.70441
48677.19091
35936.37747
46127.72241
21554.24144
57284.04890
60857.23296
33165.36390
20069.91866
63540.35401
15624.70065
33071.52171
58200.08388
31384.71161
49527.23905
34800.88833
27118.24278
33325.78310
25219.91394
20868.97414
74135.81520
32440.87061
62815.06003
67295.20635
63366.40469
54705.07904
69606.77505
44862.60190
58020.40029
68210.30431
75869.76587
40187.80521
39783.87532
90120.88336
68983.88352
71889.82734
35489.32881
80247.52950
20733.09865
30513.98969
75502.70240
22814.07868
23287.39571
46978.37156
67168.79709
29394.63203
37476.55803
66154.22463
30322.78214
53380.27387
43745.66426
62258.43625
49812.05514
15309.21487
47172.59064
53648.29403
32241.55025
57726.11542
29594.16440
27210.40383
34711.34586
53320.24316
64641.55255
35075.35733
13875.46628
47761.60147
64259.51799
18794.14934
67702.90883
69576.42439
23903.51906
52404.37129
47751.01766
17877.67604
60538.52184
26834.80513
18877.92359
8863.50507
44548.67319
36864.26852
57598.81607
45842.10472
76209.54494
59014.57725
64232.27563
64820.56509
66471.78853
65488.54533
12880.62510
35691.73804
9712.39223
54835.50381
26184.24160
58153.24063
13858.26202
33698.13661
16545.27959
27078.57377
40853.46593
9194.90485
22042.55292
46916.57886
55913.88776
28947.85239
52533.44485
20707.86001
59015.91982
23581.61580
45950.63630
34788.55032
38192.42761
25778.27852
20805.28873
17776.65729
41712.59361
51573.85939
25188.19903
23548.15754
40479.72441
31330.21544
21529.53138
44567.26043
35944.72650
18020.56854
31001.32220
26784.36805
38700.70967
30637.81538
33062.78837
33761.10597
17318.84734
15411.80103
33171.40773
32865.28015
22671.33467
24337.64318
23343.54968
27731.91694
28219.14018
44255.31276
34965.35383
40527.69379
40396.54704
42690.68136
28901.60026
29016.03786
25356.04623
34923.30289
35060.67623
11983.72714
11168.81015
26815.33401
34085.01615
37904.63482
39467.39770
45685.46207
27536.13818
21552.97154
29574.99602
50198.52974
23635.99546
4652.21241
10801.12820
16160.73045
39718.62773
51444.96681
31929.95844
44697.88893
9192.87283
30724.05511
35853.45978
15716.44825
30824.96470
38594.21016
38001.80709
39996.29227
43092.92853
47724.70231
19762.59889
40493.01300
35129.35727
42639.90790
28835.23355
8046.47237
10294.03201
37902.64851
43961.34808
24866.80280
45336.53584
22952.89608
53991.62120
6943.71414
28723.82339
918.56260
44697.07440
23699.13083
31163.13171
33917.95825
24336.50152
10704.35423
5935.84381
5809.83274
1852.04201
11345.77599
1372.20506
7242.51684
6136.18642
5935.35722
8114.48360
8058.77379
7030.75311
4723.45180
10039.20397
7116.33862
5077.33943
1764.19078
4938.50758
6509.98671
9151.69495
3855.98647
13867.74776
9970.67058
13965.79570
15241.46148
9112.08036
12730.36999
16013.34880
10091.13520
14640.58866
10047.76354
11588.95277
8644.00434
5151.20076
15074.61872
10610.42572
12024.49542
5854.91100
12972.24253
5283.17555
1335.11177
14939.73510
2011.29855
2812.71243
5392.65212
10870.97032
9093.14500
5042.38505
15630.01543
3518.66424
11689.92514
7471.62231
14581.58143
5886.15198
6128.29953
5081.19781
6835.27916
4075.95182
11140.86122
3550.10756
830.39631
8536.94709
9619.07704
11141.56382
7794.64365
2562.53364
4296.20498
16103.78696
1257.65085
11749.53931
9009.09165
4012.52774
9034.38012
11114.41206
4716.39183
10650.58652
2684.70493
8270.50284
5146.33557
7446.41803
9609.91930
7831.95900
3994.62407
13651.44334
11670.77898
12184.71962
9395.35471
7121.94620
9680.60183
3638.86001
5115.29478
7200.15652
10675.58311
6456.02208
10383.27762
3296.90816
8953.66614
5945.99144
8584.16637
7239.36397
56764.70486
43414.90605
18288.23559
8199.90854
70052.59914
23411.88425
40803.49868
17166.45732
35931.11456
58638.17512
32768.42594
47332.29469
32373.08980
50980.33079
47732.87300
16279.53818
8725.55370
34457.86509
43496.59647
62027.22043
32828.98550
66814.03782
62419.89828
82452.81241
68905.30846
45741.02788
69958.15605
88563.74743
71233.61174
88530.39930
43504.44988
58688.08624
48069.44662
22698.38554
70866.47715
52879.24661
46838.62537
30611.38244
56184.44846
40782.19110
12864.08384
86633.70384
20976.79663
28218.41323
14375.44281
52042.60071
58700.84705
31485.79853
91893.24163
28495.45883
57044.35668
47280.13856
86009.05497
27763.93279
41596.52605
17651.25863
19344.22190
31211.33764
70283.66841
25767.75023
12215.88403
58461.13609
55948.01402
64657.09033
42493.15935
29265.42962
8528.74641
78253.29377
23674.66904
63001.34131
46070.48191
30530.38369
42435.90101
77939.44308
34640.30347
40131.44018
21281.47039
50364.82758
42837.44081
37870.64462
67595.43491
28546.30706
9403.62566
64672.37032
59701.27089
62807.58714
36073.06808
19944.46471
39313.97659
29073.13134
33471.97527
49086.86642
59624.31394
39965.62324
58001.96953
34368.95638
60216.04108
44535.52058
50302.65457
36676.94593
16783.44392
10875.54765
32973.10531
28931.84751
5073.99914
26046.01748
22167.62163
39553.75834
15644.36829
14742.48773
27262.06348
13453.81832
15565.41516
24950.37055
6774.16813
26241.54861
26563.77259
12204.17464
10702.24338
8071.98081
18023.00717
22774.56683
10451.64189
10661.53450
21005.20829
25253.03954
6407.86884
13003.19727
4348.35989
12482.23090
28701.14400
20818.46854
5738.66683
25433.73824
30123.42426
28191.79059
27656.39488
15477.43620
27375.20975
11710.91340
27174.15517
15021.57131
22974.81789
17246.59953
28576.03509
31176.55153
6216.24648
18573.80872
11968.69412
19260.45574
8662.69673
14213.20406
11909.09228
25200.56519
11194.55780
30365.65239
30432.47220
16745.10348
6073.76465
18156.13305
29683.57336
3166.92939
10491.32379
15898.31331
10012.30344
17679.64447
34538.56399
11821.67273
25397.92485
16387.25153
24805.11695
17857.72931
17519.85124
5896.87595
15296.88318
27830.82217
19990.73750
13221.50997
15147.80189
19588.01535
8158.12967
28928.73994
29814.78418
26946.34250
13529.33465
17297.17183
32132.12797
31505.07804
24770.69519
17647.79551
13633.89653
20582.51006
11203.05262
10617.79361
14491.01624
20362.01550
2656.99346
11251.54656
7689.18507
21621.68260
13426.32931
5988.36334
10728.14250
6888.95384
10969.43641
4398.91968
9505.26454
12736.57210
5636.08000
5596.19351
13117.64557
3312.97760
5263.43559
12217.94977
6646.00521
10549.75726
7539.40433
4296.46581
5360.52143
6087.19674
2677.62071
14451.72028
6359.28319
13362.01329
13965.42474
14832.56143
10478.17220
16238.52789
8769.48495
15392.38787
16003.86573
13659.78945
7817.30339
8005.13920
17076.45951
14102.60878
13472.88502
6546.98392
15957.42673
3617.26553
5936.82526
14558.83738
4705.23670
3387.07983
8927.59043
16186.56260
5426.25300
6765.69248
14363.78309
5127.15944
12690.47436
8076.35712
13789.34755
10034.62676
2736.60757
10354.15531
11457.63820
4519.28904
10442.50182
4987.13252
5571.82483
7776.88386
10577.56228
12433.54482
6709.49511
1618.60457
9440.28852
15592.46179
3062.97178
13126.10472
13672.65606
4227.41284
10819.82459
11745.33632
2272.17210
13356.33900
5131.75908
4754.30345
2175.24590
10342.53866
7423.92568
11022.48296
9480.95015
14995.71402
12938.26214
12006.55765
13478.84478
13909.86942
12591.50715
890.00878
6131.81996
3392.11481
11155.93993
4614.29676
11183.77042
1493.98548
7147.10974
2604.67585
5648.45581
8350.14234