69.0
47.0
12.0
65.0
18.0
78.0
3.0
27.0
31.0
41.0
94.0
96.0
72.0
15.0
16.0
14.0
89.0
69.0
73.0
64.0
17.0
71.0
36.0
49.0
14.0
99.0
49.0
13.0
20.0
35.0
3.0
52.0
18.0
71.0
47.0
14.0
48.0
4.0
100.0
84.0
8.0
36.0
50.0
98.0
34.0
27.0
100.0
97.0
58.0
51.0
9.0
79.0
65.0
87.0
83.0
27.0
90.0
74.0
52.0
62.0
83.0
55.0
41.0
88.0
33.0
30.0
51.0
21.0
19.0
73.0
68.0
94.0
3.0
73.0
4.0
45.0
65.0
97.0
86.0
91.0
52.0
89.0
78.0
84.0
87.0
21.0
25.0
6.0
17.0
50.0
58.0
32.0
74.0
20.0
82.0
42.0
87.0
65.0
4.0
72.0
87.0
47.0
15.0
12.0
100.0
16.0
85.0
16.0
22.0
89.0
10.0
77.0
98.0
52.0
47.0
78.0
81.0
16.0
20.0
73.0
59.0
39.0
70.0
89.0
96.0
64.0
21.0
47.0
99.0
79.0
17.0
29.0
99.0
71.0
51.0
29.0
76.0
73.0
33.0
94.0
46.0
20.0
69.0
3.0
23.0
63.0
67.0
60.0
35.0
80.0
62.0
66.0
33.0
1.0
35.0
26.0
83.0
61.0
66.0
81.0
77.0
26.0
64.0
60.0
17.0
77.0
24.0
78.0
43.0
89.0
91.0
37.0
86.0
40.0
29.0
71.0
41.0
31.0
40.0
25.0
63.0
87.0
49.0
75.0
49.0
13.0
61.0
11.0
83.0
72.0
7.0
35.0
67.0
5.0
14.0
16.0
12.0
87.0
99.0
59.0
79.0
70.0
73.0
23.0
3.0
98.0
47.0
73.0
3.0
49.0
23.0
20.0
78.0
12.0
50.0
28.0
73.0
75.0
27.0
56.0
23.0
58.0
73.0
63.0
89.0
79.0
49.0
74.0
42.0
39.0
100.0
89.0
64.0
17.0
85.0
17.0
36.0
77.0
93.0
12.0
17.0
87.0
5.0
7.0
27.0
81.0
27.0
61.0
20.0
54.0
65.0
39.0
1.0
9.0
85.0
15.0
76.0
85.0
65.0
87.0
62.0
96.0
86.0
29.0
27.0
28.0
35.0
99.0
66.0
40.0
47.0
3.0
96.0
44.0
37.0
75.0
47.0
12.0
37.0
79.0
90.0
62.0
88.0
32.0
26.0
88.0
64.0
73.0
80.0
47.0
77.0
18.0
71.0
19.0
87.0
72.0
27.0
31.0
71.0
89.0
23.0
65.0
46.0
64.0
22.0
40.0
77.0
15.0
51.0
1.0
34.0
32.0
78.0
33.0
32.0
69.0
49.0
57.0
24.0
67.0
11.0
82.0
46.0
35.0
27.0
26.0
30.0
14.0
30.0
1.0
75.0
91.0
75.0
90.0
55.0
71.0
89.0
16.0
26.0
37.0
40.0
73.0
69.0
26.0
42.0
32.0
66.0
5.0
62.0
20.0
28.0
25.0
45.0
64.0
71.0
86.0
67.0
16.0
68.0
62.0
87.0
9.0
80.0
99.0
3.0
80.0
80.0
88.0
29.0
68.0
9.0
100.0
8.0
6.0
76.0
21.0
80.0
26.0
67.0
12.0
62.0
61.0
49.0
31.0
86.0
30.0
32.0
89.0
82.0
1.0
88.0
22.0
71.0
22.0
80.0
32.0
23.0
87.0
83.0
24.0
54.0
81.0
87.0
71.0
86.0
33.0
5.0
58.0
58.0
4.0
78.0
84.0
67.0
38.0
3.0
97.0
58.0
43.0
67.0
49.0
94.0
91.0
30.0
60.0
69.0
4.0
77.0
25.0
65.0
89.0
78.0
75.0
37.0
28.0
6.0
29.0
60.0
82.0
61.0
6.0
54.0
33.0
88.0
89.0
99.0
48.0
13.0
76.0
30.0
89.0
65.0
71.0
86.0
64.0
77.0
1.0
46.0
80.0
78.0
17.0
34.0
12.0
14.0
73.0
31.0
51.0
15.0
4.0
49.0
49.0
44.0
10.0
18.0
16.0
19.0
98.0
38.0
90.0
68.0
32.0
65.0
47.0
75.0
56.0
73.0
30.0
78.0
56.0
60.0
12.0
1.0
24.0
62.0
35.0
66.0
71.0
77.0
11.0
67.0
27.0
28.0
87.0
27.0
88.0
64.0
19.0
29.0
76.0
78.0
86.0
8.0
77.0
68.0
50.0
69.0
67.0
83.0
87.0
15.0
17.0
78.0
34.0
65.0
75.0
42.0
30.0
84.0
35.0
49.0
76.0
75.0
93.0
11.0
46.0
84.0
89.0
22.0
98.0
57.0
7.0
92.0
45.0
91.0
47.0
96.0
34.0
27.0
78.0
93.0
30.0
5.0
13.0
19.0
70.0
30.0
45.0
9.0
68.0
62.0
73.0
67.0
19.0
3.0
80.0
30.0
20.0
85.0
52.0
71.0
33.0
12.0
28.0
49.0
44.0
33.0
24.0
12.0
99.0
48.0
39.0
11.0
76.0
34.0
81.0
30.0
87.0
46.0
45.0
12.0
32.0
28.0
25.0
25.0
75.0
82.0
89.0
8.0
64.0
32.0
83.0
15.0
81.0
39.0
89.0
48.0
97.0
76.0
89.0
45.0
88.0
75.0
91.0
61.0
81.0
31.0
32.0
74.0
74.0
41.0
99.0
73.0
96.0
33.0
36.0
28.0
54.0
29.0
11.0
19.0
36.0
45.0
86.0
49.0
8.0
1.0
69.0
31.0
42.0
56.0
91.0
5.0
85.0
69.0
43.0
91.0
78.0
88.0
96.0
77.0
26.0
62.0
23.0
14.0
96.0
85.0
63.0
71.0
19.0
25.0
24.0
49.0
94.0
6.0
96.0
78.0
74.0
78.0
14.0
6.0
89.0
65.0
4.0
31.0
15.0
59.0
6.0
75.0
99.0
78.0
43.0
14.0
40.0
27.0
73.0
74.0
17.0
64.0
83.0
50.0
1.0
57.0
99.0
88.0
97.0
71.0
5.0
19.0
20.0
85.0
8.0
79.0
64.0
6.0
15.0
4.0
45.0
100.0
1.0
29.0
3.0
21.0
88.0
12.0
47.0
6.0
6.0
25.0
68.0
9.0
81.0
51.0
94.0
72.0
88.0
25.0
1.0
30.0
56.0
40.0
86.0
21.0
54.0
71.0
66.0
73.0
28.0
77.0
4.0
20.0
56.0
12.0
28.0
3.0
58.0
45.0
36.0
60.0
66.0
35.0
19.0
82.0
44.0
54.0
72.0
96.0
75.0
20.0
19.0
71.0
11.0
23.0
6.0
100.0
75.0
88.0
61.0
22.0
70.0
66.0
54.0
3.0
42.0
15.0
6.0
71.0
77.0
49.0
20.0
60.0
8.0
75.0
5.0
57.0
50.0
54.0
76.0
99.0
88.0
49.0
73.0
5.0
27.0
47.0
84.0
88.0
50.0
21.0
56.0
88.0
56.0
99.0
89.0
65.0
20.0
83.0
62.0
27.0
26.0
56.0
9.0
26.0
78.0
19.0
68.0
22.0
20.0
10.0
44.0
31.0
73.0
5.0
93.0
75.0
32.0
79.0
65.0
7.0
16.0
50.0
28.0
42.0
99.0
100.0
54.0
75.0
70.0
1.0
90.0
82.0
80.0
91.0
14.0
62.0
53.0
27.0
28.0
62.0
4.0
14.0
79.0
64.0
16.0
86.0
62.0
18.0
87.0
60.0
57.0
34.0
67.0
28.0
77.0
22.0
66.0
3.0
56.0
37.0
32.0
78.0
39.0
78.0
9.0
88.0
38.0
27.0
9.0
35.0
68.0
86.0
72.0
70.0
1.0
97.0
12.0
45.0
84.0
20.0
34.0
67.0
67.0
23.0
33.0
24.0
72.0
88.0
58.0
12.0
4.0
36.0
54.0
96.0
64.0
64.0
45.0
65.0
84.0
10.0
23.0
20.0
71.0
32.0
67.0
50.0
94.0
49.0
24.0
47.0
27.0
90.0
41.0
23.0
27.0
58.0
7.0
76.0
42.0
16.0
84.0
51.0
6.0
78.0
35.0
26.0
62.0
69.0
88.0
49.0
94.0
88.0
91.0
14.0
27.0
90.0
38.0
1.0
62.0
44.0
97.0
81.0
80.0
12.0
54.0
73.0
76.0
47.0
16.0
53.0
36.0
68.0
9.0
89.0
60.0
27.0
21.0
76.0
94.0
100.0
16.0
14.0
77.0
51.0
4.0
45.0
71.0
65.0
3.0
33.0
64.0
81.0
99.0
81.0
47.0
34.0
5.0
8.0
96.0
78.0
56.0
56.0
89.0
79.0
93.0
49.0
74.0
55.0
51.0
14.0
4.0
56.0
13.0
33.0
87.0
20.0
69.0
38.0
20.0
6.0
86.0
45.0
31.0
84.0
83.0
28.0
77.0
31.0
81.0
69.0
21.0
5.0
32.0
49.0
35.0
43.0
94.0
46.0
65.0
84.0
91.0
86.0
76.0
78.0
92.0
17.0
71.0
92.0
59.0
77.0
78.0
74.0
22.0
74.0
94.0
45.0
27.0
48.0
19.0
6.0
86.0
15.0
35.0
15.0
31.0
22.0
78.0
35.0
56.0
92.0
44.0
19.0
13.0
73.0
44.0
3.0
13.0
78.0
64.0
62.0
78.0
6.0
44.0
25.0
97.0
16.0
78.0
74.0
68.0
44.0
44.0
99.0
81.0
4.0
6.0
6.0
14.0
32.0
71.0
81.0
65.0
64.0
98.0
98.0
27.0
33.0
90.0
70.0
77.0
20.0
29.0
12.0
40.0
73.0
21.0
95.0
13.0
80.0
65.0
39.0
92.0
23.0
100.0
86.0
9.0
11.0
77.0
30.0
5.0
79.0
73.0
47.0
33.0
87.0
99.0
91.0
62.0
16.0
79.0
49.0
24.0
51.0
83.0
78.0
87.0
72.0
6.0
75.0
38.0
28.0
23.0
94.0
100.0
83.0
11.0
28.0
64.0
22.0
14.0
48.0
12.0
31.0
13.0
49.0
31.0
88.0
75.0
84.0
63.0
42.0
20.0
72.0
60.0
86.0
15.0
67.0
27.0
3.0
62.0
72.0
28.0
62.0
5.0
23.0
72.0
24.0
22.0
65.0
31.0
92.0
24.0
61.0
27.0
23.0
8.0
62.0
82.0
56.0
94.0
18.0
66.0
56.0
58.0
33.0
86.0
27.0
72.0
9.0
22.0
11.0
64.0
14.0
75.0
38.0
44.0
45.0
64.0
9.0
40.0
40.0
72.0
61.0
48.0
66.0
13.0
69.0
34.0
28.0
72.0
39.0
27.0
17.0
86.0
46.0
52.0
36.0
96.0
20.0
44.0
12.0
58.0
72.0
74.0
71.0
97.0
18.0
11.0
3.0
44.0
1.0
71.0
16.0
13.0
75.0
44.0
32.0
25.0
73.0
15.0
38.0
34.0
5.0
23.0
20.0
72.0
27.0
56.0
12.0
76.0
22.0
84.0
21.0
40.0
61.0
19.0
49.0
27.0
7.0
80.0
64.0
41.0
69.0
23.0
11.0
69.0
30.0
87.0
67.0
16.0
39.0
77.0
74.0
45.0
81.0
28.0
21.0
25.0
30.0
73.0
65.0
51.0
34.0
11.0
43.0
69.0
87.0
12.0
97.0
5.0
56.0
1.0
15.0
27.0
76.0
40.0
11.0
82.0
50.0
99.0
72.0
4.0
13.0
12.0
34.0
54.0
51.0
60.0
73.0
19.0
90.0
45.0
65.0
72.0
68.0
14.0
87.0
84.0
57.0
69.0
27.0
73.0
16.0
86.0
59.0
34.0
6.0
1.0
71.0
8.0
45.0
80.0
81.0
14.0
86.0
78.0
30.0
3.0
36.0
12.0
53.0
32.0
38.0
48.0
43.0
96.0
77.0
34.0
47.0
42.0
8.0
47.0
43.0
27.0
48.0
29.0
88.0
30.0
23.0
57.0
26.0
23.0
22.0
94.0
69.0
100.0
45.0
7.0
99.0
45.0
87.0
62.0
28.0
9.0
45.0
92.0
81.0
82.0
14.0
30.0
46.0
93.0
92.0
75.0
77.0
75.0
78.0
87.0
35.0
85.0
62.0
55.0
81.0
78.0
34.0
55.0
58.0
64.0
39.0
21.0
96.0
77.0
14.0
97.0
1.0
15.0
23.0
98.0
28.0
22.0
44.0
80.0
73.0
25.0
51.0
28.0
27.0
98.0
76.0
91.0
4.0
13.0
87.0
94.0
87.0
58.0
94.0
21.0
67.0
41.0
87.0
32.0
14.0
60.0
10.0
31.0
16.0
14.0
90.0
41.0
10.0
88.0
66.0
92.0
33.0
29.0
62.0
69.0
23.0
59.0
71.0
4.0
27.0
62.0
14.0
82.0
89.0
59.0
33.0
96.0
27.0
18.0
50.0
6.0
29.0
46.0
96.0
84.0
62.0
26.0
62.0
78.0
86.0
75.0
21.0
78.0
32.0
96.0
15.0
30.0
75.0
81.0
97.0
93.0
44.0
70.0
69.0
44.0
24.0
16.0
26.0
98.0
42.0
87.0