1898083.0
2042697.0
1866115.0
1935370.0
1759941.0
1939489.0
1666265.0
1703038.0
1830706.0
1563322.0
2143143.0
1866115.0
2106843.0
2244889.0
1479404.0
2244889.0
2194426.0
1888824.0
1479013.0
1935370.0
1759941.0
2244889.0
1936576.0
1781490.0
1627211.0
1504878.0
2158091.0
2194426.0
2253906.0
1483706.0
1708404.0
1479901.0
1948452.0
1708404.0
1369874.0
2061436.0
1536462.0
1973427.0
1562645.0
2107403.0
1909519.0
1435703.0
1369874.0
1853838.0
1465357.0
1935370.0
1479013.0
1536462.0
1566314.0
1888824.0
1402362.0
2141200.0
2155053.0
1723130.0
1435703.0
1891834.0
1566314.0
2012772.0
1627211.0
2107403.0
2095496.0
1680386.0
1714556.0
1830706.0
1402362.0
1627211.0
1948452.0
1459359.0
2155053.0
1479013.0
1696356.0
1723130.0
2042697.0
1592113.0
1669402.0
1843254.0
2194426.0
1696356.0
1843254.0
2042697.0
1444604.0
1557988.0
2223692.0
1483706.0
1435703.0
2253906.0
1402362.0
1628333.0
2012772.0
1740862.0
2155053.0
1840969.0
1812125.0
1559456.0
1898165.0
2194426.0
2223692.0
1888824.0
1703038.0
1396759.0
1396759.0
1891834.0
1812125.0
1936576.0
2223692.0
1552478.0
1563322.0
2143143.0
1628333.0
2090026.0
2217151.0
2113995.0
1853838.0
1849153.0
1812125.0
1552478.0
1948452.0
1846084.0
1562645.0
1680386.0
1562645.0
1578148.0
2194426.0
2244889.0
1374042.0
1578148.0
1544585.0
2143143.0
2042697.0
2210475.0
1939489.0
1740862.0
1497012.0
1536462.0
1669402.0
1562645.0
1578148.0
1504878.0
1948452.0
1830706.0
2253906.0
2107403.0
1687608.0
1369874.0
1497012.0
1627211.0
1948452.0
1891834.0
1592113.0
1935370.0