85.0
13.0
10.0
51.0
97.0
37.0
62.0
93.0
64.0
62.0
99.0
81.0
40.0
12.0
85.0
19.0
70.0
82.0
77.0
89.0
58.0
77.0
98.0
93.0
56.0
25.0
40.0
44.0
99.0
16.0
5.0
4.0
76.0
39.0
97.0
28.0
91.0
14.0
19.0
89.0
4.0
65.0
7.0
88.0
75.0
90.0
26.0
95.0
30.0
45.0
12.0
59.0
89.0
76.0
25.0
62.0
50.0
73.0
50.0
45.0
89.0
29.0
12.0
88.0
23.0
11.0
27.0
28.0
5.0
23.0
10.0
16.0
89.0
61.0
48.0
90.0
41.0
37.0
73.0
63.0
51.0
73.0
12.0
99.0
6.0
73.0
82.0
55.0
65.0
99.0
58.0
15.0
98.0
68.0
21.0
91.0
18.0
61.0
68.0
35.0
83.0
98.0
39.0
78.0
94.0
7.0
87.0
4.0
45.0
92.0
21.0
41.0
76.0
2.0
32.0
33.0
32.0
76.0
98.0
88.0
34.0
84.0
20.0
18.0
98.0
71.0
35.0
14.0
17.0
80.0
45.0
66.0
87.0
56.0
83.0
100.0
88.0
27.0
92.0
89.0
82.0
34.0
76.0
34.0
98.0
33.0
5.0
28.0
98.0
82.0
79.0
73.0
90.0
87.0
61.0
11.0
17.0
28.0
28.0
15.0
81.0
61.0
62.0
23.0
21.0
7.0
37.0
31.0
28.0
98.0
51.0
30.0
13.0
61.0
47.0
19.0
85.0
57.0
21.0
68.0
37.0
60.0
44.0
16.0
62.0
78.0
62.0
74.0
27.0
51.0
64.0
21.0
12.0
32.0
7.0
58.0
72.0
53.0
78.0
32.0
79.0
100.0
92.0
86.0
84.0
47.0
7.0
87.0
65.0
14.0
69.0
52.0
60.0
99.0
4.0
35.0
28.0
42.0
47.0
84.0
71.0
77.0
71.0
51.0
47.0
73.0
94.0
81.0
33.0
99.0
98.0
29.0
64.0
98.0
7.0
22.0
76.0
28.0
96.0
88.0
39.0
44.0
30.0
37.0
62.0
70.0
83.0
87.0
23.0
94.0
89.0
58.0
68.0
75.0
75.0
31.0
87.0
76.0
96.0
17.0
80.0
89.0
16.0
97.0
84.0
87.0
45.0
94.0
32.0
89.0
69.0
20.0
45.0
70.0
13.0
97.0
36.0
98.0
71.0
14.0
14.0
72.0
62.0
60.0
94.0
20.0
73.0
88.0
21.0
46.0
6.0
96.0
81.0
12.0
91.0
81.0
89.0
39.0
20.0
65.0
75.0
49.0
83.0
92.0
14.0
61.0
9.0
86.0
19.0
13.0
48.0
29.0
3.0
100.0
26.0
78.0
14.0
34.0
43.0
49.0
4.0
16.0
12.0
84.0
77.0
17.0
82.0
89.0
71.0
88.0
83.0
23.0
87.0
48.0
49.0
57.0
4.0
6.0
27.0
51.0
62.0
27.0
49.0
50.0
51.0
82.0
68.0
87.0
82.0
91.0
35.0
39.0
20.0
73.0
99.0
3.0
22.0
63.0
67.0
77.0
28.0
14.0
32.0
92.0
42.0
57.0
76.0
72.0
76.0
8.0
18.0
72.0
67.0
80.0
92.0
98.0
65.0
67.0
30.0
59.0
78.0
83.0
54.0
14.0
82.0
47.0
8.0
54.0
72.0
82.0
27.0
71.0
73.0
12.0
64.0
97.0
72.0
77.0
98.0
67.0
91.0
80.0
39.0
73.0
13.0
12.0
99.0
64.0
100.0
32.0
61.0
75.0
44.0
41.0
16.0
8.0
8.0
17.0
44.0
71.0
36.0
27.0
44.0
80.0
27.0
17.0
13.0
4.0
1.0
20.0
73.0
41.0
77.0
99.0
25.0
9.0
8.0
41.0
50.0
27.0
56.0
19.0
19.0
49.0
92.0
34.0
35.0
88.0
97.0
56.0
83.0
9.0
82.0
12.0
88.0
39.0
30.0
34.0
25.0
84.0
3.0
7.0
87.0
82.0
28.0
12.0
9.0
30.0
79.0
99.0
82.0
14.0
44.0
49.0
94.0
72.0
77.0
63.0
1.0
72.0
88.0
15.0
93.0
12.0
6.0
90.0
27.0
22.0
79.0
56.0
82.0
4.0
5.0
93.0
31.0
85.0
31.0
75.0
34.0
62.0
26.0
47.0
74.0
89.0
22.0
64.0
97.0
66.0
41.0
11.0
15.0
54.0
86.0
5.0
1.0
20.0
16.0
67.0
24.0
82.0
84.0
58.0
64.0
57.0
31.0
78.0
99.0
63.0
1.0
23.0
89.0
81.0
20.0
89.0
100.0
22.0
4.0
12.0
69.0
35.0
25.0
27.0
85.0
23.0
91.0
57.0
92.0
28.0
32.0
21.0
37.0
42.0
32.0
13.0
64.0
16.0
42.0
69.0
83.0
87.0
25.0
29.0
75.0
86.0
27.0
17.0
13.0
71.0
27.0
64.0
14.0
4.0
62.0
15.0
94.0
61.0
68.0
34.0
35.0
46.0
32.0
97.0
74.0
30.0
77.0
21.0
92.0
68.0
61.0
36.0
99.0
67.0
73.0
44.0
94.0
58.0
86.0
54.0
77.0
72.0
31.0
40.0
35.0
57.0
68.0
67.0
78.0
35.0
67.0
25.0
87.0
22.0
64.0
44.0
47.0
86.0
11.0
27.0
98.0
4.0
23.0
75.0
63.0
13.0
4.0
76.0
19.0
54.0
25.0
7.0
22.0
97.0
4.0
30.0
64.0
22.0
45.0
20.0
73.0
57.0
77.0
44.0
9.0
32.0
73.0
68.0
59.0
19.0
26.0
34.0
64.0
72.0
69.0
61.0
83.0
96.0
81.0
75.0
11.0
89.0
98.0
1.0
66.0
69.0
31.0
97.0
88.0
41.0
70.0
47.0
75.0
97.0
15.0
5.0
75.0
60.0
73.0
73.0
86.0
66.0
50.0
77.0
32.0
25.0
83.0
26.0
84.0
94.0
69.0
30.0
82.0
96.0
64.0
71.0
29.0
22.0
24.0
77.0
89.0
32.0
35.0
74.0
87.0
71.0
77.0
33.0
22.0
64.0
91.0
65.0
81.0
19.0
4.0
35.0
50.0
11.0
34.0
27.0
11.0
91.0
92.0
6.0
49.0
4.0
44.0
25.0
14.0
65.0
64.0
60.0
4.0
61.0
6.0
92.0
16.0
69.0
20.0
27.0
73.0
30.0
73.0
97.0
26.0
44.0
20.0
68.0
7.0
46.0
23.0
74.0
29.0
56.0
56.0
37.0
28.0
61.0
78.0
26.0
27.0
41.0
69.0
7.0
49.0
100.0
47.0
15.0
19.0
3.0
36.0
84.0
76.0
87.0
53.0
99.0
89.0
97.0
29.0
48.0
74.0
16.0
60.0
81.0
12.0
77.0
86.0
36.0
64.0
49.0
72.0
9.0
98.0
65.0
14.0
1.0
85.0
30.0
4.0
5.0
87.0
93.0
40.0
32.0
73.0
13.0
25.0
42.0
11.0
59.0
44.0
30.0
41.0
98.0
30.0
82.0
47.0
63.0
1.0
100.0
28.0
26.0
77.0
100.0
86.0
99.0
62.0
67.0
65.0
89.0
82.0
23.0
73.0
18.0
22.0
78.0
13.0
44.0
84.0
30.0
93.0
80.0
2.0
29.0
89.0
17.0
64.0
21.0
69.0
49.0
78.0
35.0
28.0
87.0
97.0
37.0
64.0
23.0
13.0
21.0
11.0
27.0
35.0
83.0
82.0
33.0
98.0
97.0
4.0
70.0
69.0
12.0
54.0
51.0
52.0
42.0
5.0
30.0
29.0
30.0
57.0
92.0
73.0
49.0
62.0
41.0
43.0
44.0
98.0
46.0
72.0
28.0
100.0
76.0
8.0
14.0
52.0
32.0
74.0
94.0
23.0
15.0
75.0
36.0
79.0
43.0
84.0
77.0
41.0
73.0
100.0
62.0
4.0
49.0
62.0
30.0
90.0
74.0
19.0
28.0
72.0
69.0
9.0
65.0
3.0
29.0
9.0
75.0
97.0
38.0
27.0
13.0
3.0
74.0
83.0
71.0
73.0
11.0
84.0
19.0
92.0
83.0
76.0
34.0
64.0
75.0
30.0
90.0
21.0
8.0
35.0
77.0
68.0
8.0
65.0
92.0
63.0
25.0
3.0
71.0
22.0
42.0
49.0
21.0
3.0
22.0
70.0
81.0
25.0
13.0
91.0
17.0
50.0
4.0
59.0
80.0
7.0
99.0
83.0
42.0
35.0
65.0
19.0
47.0
8.0
16.0
1.0
58.0
35.0
19.0
14.0
44.0
5.0
71.0
28.0
10.0
73.0
69.0
89.0
71.0
93.0
62.0
68.0
40.0
31.0
14.0
53.0
14.0
21.0
73.0
13.0
61.0
73.0
51.0
28.0
87.0
21.0
69.0
61.0
68.0
32.0
83.0
54.0
41.0
5.0
13.0
72.0
26.0
60.0
46.0
17.0
51.0
33.0
40.0
21.0
89.0
64.0
59.0
98.0
89.0
74.0
71.0
31.0
45.0
62.0
46.0
64.0
53.0
82.0
71.0
62.0
15.0
14.0
12.0
17.0
1.0
31.0
80.0
5.0
40.0
27.0
77.0
87.0
78.0
21.0
92.0
10.0
85.0
14.0
78.0
14.0
14.0
51.0
22.0
22.0
30.0
94.0
14.0
8.0
27.0
13.0
71.0
49.0
93.0
99.0
79.0
73.0
82.0
99.0
62.0
94.0
27.0
84.0
87.0
56.0
34.0
7.0
48.0
71.0
12.0
24.0
47.0
45.0
33.0
48.0
48.0
86.0
77.0
32.0
62.0
75.0
32.0
68.0
87.0
68.0
59.0
67.0
26.0
61.0
8.0
56.0
93.0
22.0
15.0
77.0
33.0
29.0
32.0
69.0
69.0
24.0
21.0
45.0
42.0
26.0
71.0
44.0
87.0
42.0
49.0
20.0
78.0
61.0
65.0
71.0
89.0
86.0
89.0
100.0
84.0
31.0
10.0
76.0
64.0
82.0
3.0
85.0
61.0
98.0
52.0
59.0
3.0
45.0
22.0
99.0
74.0
35.0
82.0
42.0
98.0
50.0
67.0
2.0
100.0
19.0
88.0
68.0
82.0
83.0
91.0
30.0
73.0
51.0
92.0
24.0
87.0
44.0
58.0
11.0
45.0
51.0
51.0
62.0
76.0
77.0
79.0
99.0
91.0
11.0
64.0
58.0
77.0
33.0
36.0
1.0
32.0
28.0
30.0
21.0
23.0
11.0
78.0
80.0
12.0
99.0
11.0
93.0
78.0
66.0
5.0
44.0
41.0
21.0
77.0
30.0
81.0
12.0
5.0
88.0
41.0
72.0
22.0
64.0
22.0
77.0
68.0
85.0
43.0
75.0
85.0
13.0
27.0
61.0
29.0
24.0
25.0
56.0
72.0
65.0
96.0
65.0
37.0
46.0
28.0
75.0
60.0
71.0
40.0
13.0
98.0
13.0
17.0
82.0
11.0
99.0
9.0
99.0
35.0
64.0
77.0
26.0
68.0
32.0
52.0
13.0
4.0
27.0
2.0
71.0
96.0
16.0
69.0
5.0
65.0
21.0
53.0
21.0
24.0
88.0
97.0
2.0
44.0
82.0
9.0
60.0
27.0
49.0
21.0
3.0
61.0
8.0
62.0
44.0
3.0
44.0
61.0
88.0
24.0
47.0
72.0
36.0
29.0
81.0
63.0
81.0
87.0
46.0
19.0
69.0
67.0
23.0
92.0
60.0
56.0
49.0
62.0
45.0
56.0
73.0
71.0
80.0
87.0
78.0
65.0
46.0
62.0
19.0
21.0
7.0
16.0
28.0
1.0
42.0
3.0
27.0
96.0
21.0
1.0
67.0
69.0
39.0
68.0
45.0
47.0
95.0
8.0
99.0
33.0
15.0
59.0
75.0
18.0
98.0
47.0
62.0
94.0
73.0
26.0
9.0
83.0
75.0
73.0
39.0
97.0
20.0
69.0
7.0
71.0
13.0
83.0
59.0
61.0
80.0
39.0
83.0
21.0
18.0
100.0
92.0
42.0
56.0
51.0
93.0
40.0
37.0
73.0
47.0
86.0
92.0
34.0
78.0
17.0
75.0
88.0
62.0
78.0
30.0
60.0
72.0
63.0
13.0
54.0
19.0
75.0
61.0
37.0
65.0
15.0
51.0
26.0
6.0
47.0
18.0
3.0
99.0
51.0
36.0
89.0
62.0
88.0
71.0
38.0
32.0
82.0
83.0
13.0
69.0
86.0
69.0
64.0
77.0
75.0
44.0
98.0
87.0
8.0
56.0
56.0
99.0
45.0
40.0
80.0
14.0
57.0
71.0
14.0
29.0
37.0
79.0
10.0
16.0
100.0
75.0
22.0
27.0
67.0
62.0
15.0
33.0
44.0
96.0
34.0
16.0
90.0
8.0
41.0
33.0
9.0
85.0
97.0
88.0
26.0
44.0
58.0
62.0
67.0
89.0
77.0
58.0
64.0
1.0
83.0
40.0
12.0
19.0
67.0
88.0
75.0
85.0
26.0
49.0
71.0