65.0
57.0
49.0
89.0
97.0
39.0
26.0
54.0
89.0
54.0
58.0
39.0
65.0
66.0
75.0
35.0
8.0
73.0
97.0
36.0
4.0
11.0
72.0
3.0
100.0
94.0
73.0
98.0
64.0
57.0
34.0
34.0
26.0
75.0
13.0
30.0
49.0
62.0
77.0
7.0
29.0
3.0
15.0
17.0
45.0
29.0
59.0
4.0
29.0
33.0
21.0
65.0
1.0
20.0
71.0
32.0
34.0
87.0
96.0
41.0
20.0
9.0
86.0
75.0
79.0
79.0
36.0
78.0
66.0
47.0
73.0
74.0
55.0
83.0
49.0
72.0
82.0
77.0
38.0
81.0
79.0
33.0
98.0
20.0
87.0
73.0
58.0
35.0
63.0
91.0
1.0
34.0
40.0
16.0
27.0
72.0
7.0
11.0
26.0
61.0
45.0
13.0
33.0
25.0
13.0
51.0
26.0
31.0
20.0
68.0
19.0
83.0
64.0
11.0
1.0
56.0
35.0
62.0
97.0
44.0
96.0
16.0
53.0
59.0
77.0
11.0
65.0
1.0
14.0
95.0
11.0
56.0
36.0
76.0
24.0
66.0
26.0
39.0
12.0
69.0
5.0
98.0
42.0
89.0
12.0
67.0
68.0
35.0
83.0
12.0
31.0
81.0
24.0
86.0
62.0
86.0
98.0
70.0
11.0
27.0
43.0
24.0
47.0
3.0
24.0
77.0
29.0
99.0
88.0
79.0
40.0
33.0
40.0
9.0
51.0
96.0
69.0
83.0
40.0
13.0
64.0
11.0
28.0
16.0
37.0
92.0
25.0
45.0
4.0
65.0
57.0
21.0
64.0
21.0
80.0
69.0
14.0
41.0
44.0
51.0
88.0
99.0
14.0
20.0
85.0
68.0
22.0
69.0
19.0
93.0
96.0
92.0
54.0
22.0
48.0
21.0
51.0
68.0
100.0
80.0
19.0
17.0
84.0
98.0
70.0
87.0
4.0
54.0
68.0
23.0
44.0
13.0
23.0
86.0
24.0
22.0
28.0
75.0
4.0
88.0
19.0
33.0
51.0
90.0
19.0
50.0
94.0
61.0
72.0
35.0
77.0
6.0
94.0
38.0
21.0
96.0
97.0
41.0
75.0
85.0
7.0
36.0
75.0
32.0
50.0
36.0
32.0
3.0
80.0
4.0
94.0
5.0
98.0
75.0
69.0
64.0
27.0
68.0
1.0
81.0
4.0
69.0
81.0
39.0
75.0
33.0
31.0
96.0
75.0
51.0
26.0
87.0
21.0
80.0
13.0
56.0
89.0
34.0
96.0
79.0
81.0
12.0
13.0
92.0
67.0
76.0
16.0
6.0
98.0
9.0
64.0
46.0
34.0
49.0
12.0
19.0
81.0
89.0
4.0
83.0
47.0
67.0
100.0
41.0
54.0
31.0
44.0
52.0
80.0
53.0
89.0
62.0
52.0
15.0
38.0
61.0
60.0
32.0
62.0
65.0
86.0
12.0
74.0
18.0
49.0
86.0
41.0
39.0
27.0
48.0
69.0
83.0
11.0
86.0
56.0
22.0
30.0
45.0
13.0
30.0
97.0
44.0
54.0
9.0
73.0
36.0
75.0
12.0
89.0
25.0
42.0
6.0
79.0
51.0
96.0
89.0
49.0
39.0
90.0
95.0
40.0
44.0
5.0
3.0
7.0
6.0
45.0
58.0
1.0
42.0
35.0
41.0
20.0
85.0
94.0
77.0
12.0
65.0
24.0
49.0
31.0
11.0
87.0
7.0
72.0
66.0
55.0
100.0
30.0
31.0
15.0
22.0
30.0
83.0
62.0
98.0
69.0
77.0
69.0
41.0
73.0
23.0
31.0
100.0
76.0
84.0
47.0
69.0
92.0
26.0
14.0
3.0
78.0
83.0
41.0
55.0
15.0
48.0
38.0
24.0
64.0
86.0
73.0
87.0
11.0
86.0
24.0
35.0
4.0
75.0
51.0
5.0
48.0
6.0
71.0
94.0
97.0
82.0
41.0
64.0
13.0
21.0
49.0
27.0
17.0
30.0
23.0
23.0
99.0
68.0
60.0
51.0
99.0
44.0
69.0
41.0
25.0
1.0
3.0
98.0
24.0
14.0
24.0
67.0
99.0
33.0
94.0
41.0
24.0
40.0
100.0
40.0
49.0
78.0
4.0
27.0
61.0
10.0
14.0
38.0
16.0
77.0
18.0
59.0
71.0
65.0
6.0
20.0
19.0
82.0
59.0
56.0
56.0
15.0
19.0
41.0
65.0
3.0
73.0
89.0
44.0
11.0
71.0
83.0
1.0
83.0
83.0
72.0
21.0
61.0
56.0
9.0
73.0
83.0
51.0
40.0
80.0
63.0
28.0
34.0
62.0
66.0
42.0
89.0
91.0
23.0
21.0
62.0
49.0
84.0
83.0
24.0
76.0
31.0
28.0
97.0
62.0
93.0
21.0
64.0
50.0
100.0
39.0
62.0
12.0
9.0
29.0
58.0
49.0
12.0
65.0
64.0
21.0
35.0
29.0
38.0
3.0
24.0
10.0
12.0
72.0
39.0
78.0
16.0
27.0
69.0
26.0
76.0
78.0
73.0
99.0
87.0
88.0
79.0
36.0
36.0
79.0
73.0
71.0
13.0
43.0
32.0
12.0
49.0
78.0
32.0
60.0
74.0
35.0
65.0
68.0
39.0
6.0
64.0
36.0
77.0
65.0
15.0
67.0
75.0
94.0
86.0
62.0
28.0
81.0
17.0
85.0
43.0
79.0
46.0
84.0
11.0
82.0
72.0
76.0
62.0
28.0
68.0
45.0
83.0
32.0
15.0
62.0
63.0
39.0
56.0
66.0
31.0
15.0
85.0
62.0
44.0
31.0
63.0
68.0
68.0
32.0
27.0
68.0
37.0
69.0
18.0
23.0
49.0
8.0
47.0
44.0
29.0
83.0
65.0
19.0
65.0
59.0
70.0
12.0
41.0
27.0
61.0
83.0
26.0
92.0
36.0
21.0
78.0
6.0
87.0
99.0
30.0
17.0
99.0
67.0
72.0
57.0
38.0
76.0
21.0
87.0
33.0
27.0
31.0
86.0
26.0
34.0
17.0
73.0
99.0
1.0
28.0
97.0
18.0
17.0
37.0
92.0
90.0
7.0
75.0
9.0
27.0
85.0
81.0
24.0
75.0
44.0
20.0
69.0
75.0
47.0
51.0
4.0
76.0
23.0
74.0
79.0
62.0
69.0
47.0
82.0
28.0
51.0
6.0
89.0
54.0
75.0
13.0
65.0
70.0
51.0
52.0
92.0
71.0
89.0
41.0
14.0
51.0
49.0
9.0
87.0
96.0
60.0
43.0
36.0
29.0
71.0
75.0
56.0
88.0
73.0
6.0
58.0
33.0
29.0
51.0
87.0
65.0
78.0
57.0
39.0
78.0
1.0
100.0
42.0
72.0
27.0
64.0
82.0
3.0
56.0
31.0
19.0
13.0
65.0
27.0
62.0
29.0
44.0
73.0
57.0
22.0
77.0
14.0
75.0
30.0
80.0
6.0
10.0
28.0
44.0
41.0
77.0
96.0
83.0
67.0
87.0
11.0
21.0
81.0
40.0
16.0
40.0
66.0
87.0
39.0
17.0
99.0
22.0
87.0
11.0
77.0
64.0
62.0
89.0
33.0
53.0
36.0
73.0
42.0
63.0
73.0
67.0
71.0
5.0
39.0
81.0
84.0
22.0
88.0
77.0
61.0
77.0
57.0
43.0
56.0
98.0
51.0
31.0
36.0
62.0
78.0
40.0
50.0
60.0
10.0
76.0
54.0
85.0
66.0
13.0
89.0
67.0
75.0
65.0
69.0
84.0
13.0
27.0
87.0
21.0
61.0
72.0
30.0
72.0
76.0
35.0
45.0
23.0
92.0
25.0
47.0
43.0
59.0
21.0
67.0
75.0
94.0
39.0
18.0
88.0
93.0
75.0
14.0
39.0
17.0
38.0
69.0
19.0
29.0
58.0
99.0
70.0
81.0
87.0
83.0
98.0
72.0
20.0
3.0
96.0
41.0
14.0
80.0
65.0
42.0
24.0
61.0
71.0
91.0
62.0
33.0
59.0
60.0
5.0
51.0
42.0
49.0
23.0
58.0
69.0
12.0
37.0
46.0
71.0
26.0
63.0
61.0
7.0
90.0
8.0
12.0
26.0
88.0
81.0
20.0
37.0
56.0
34.0
90.0
77.0
33.0
5.0
99.0
82.0
91.0
94.0
22.0
47.0
83.0
25.0
68.0
50.0
96.0
85.0
46.0
58.0
11.0
33.0
69.0
42.0
57.0
62.0
52.0
81.0
33.0
32.0
100.0
45.0
65.0
64.0
30.0
83.0
97.0
73.0
55.0
24.0
26.0
14.0
37.0
51.0
69.0
80.0
73.0