1686024.0
1812125.0
2244889.0
1891834.0
1851890.0
1696356.0
1723130.0
1557988.0
1888824.0
2155053.0
2217151.0
1655721.0
1444604.0
1628333.0
1899775.0
1909519.0
1465357.0
2061436.0
1513649.0
2237235.0
2106843.0
1435703.0
1666265.0
2095496.0
1563322.0
2116415.0
1830706.0
1485698.0
1669402.0
1369874.0
2042697.0
2210475.0
2090026.0
1479013.0
1669402.0
1513649.0
1578148.0
2155053.0
1939489.0
2237235.0
2095496.0
2042697.0
2141200.0
1830706.0
2164343.0
1849153.0
2158091.0
1369874.0
1936576.0
2158091.0
1529233.0
1578148.0
1686024.0
1562645.0
1374042.0
1529233.0
2223692.0
1557988.0
1696356.0
1529233.0
1628333.0
1777909.0
1536462.0
1504878.0
1759941.0
1696356.0
1830706.0
1513649.0
1851890.0
1899775.0
1536462.0
1891834.0
1655721.0
1669402.0
1544585.0
1740862.0
2158091.0
1504878.0
2194426.0
1696356.0
2110304.0
1559456.0
1536462.0
2122850.0
1703038.0
2013552.0
1444604.0
1740862.0
1846084.0
1830706.0
2155053.0
2106843.0
2155053.0
1935370.0
1483706.0
1990010.0
1810348.0
1696356.0
1714556.0
1777909.0