1444604.0
1973427.0
1730312.0
1830706.0
1680386.0
1529233.0
1898083.0
1435703.0
1666265.0
1714556.0
1544585.0
1986043.0
2244889.0
1830706.0
1396759.0
1536462.0
2113995.0
1830706.0
1740862.0
2110304.0
1846084.0
1529233.0
1899775.0
1592113.0
2113995.0
1628333.0
1759941.0
1866115.0
1444648.0
1435703.0
2110304.0
1851890.0
2110304.0
1369874.0
2228610.0
1529233.0
1374042.0
2141200.0
1859829.0
1777909.0
1936576.0
1986043.0
1714556.0
1948452.0
2107403.0
1435703.0
1444648.0
1849153.0
1485698.0
1666265.0
1866115.0
1990010.0
1859829.0
1686024.0
1781490.0
1708404.0
1666265.0
2223692.0
1374042.0
1479013.0
1888824.0
1369874.0
1846084.0
1740862.0
2042697.0
2095496.0
1947339.0
1740862.0
1562645.0
1435703.0
1592113.0
1555403.0
2158091.0
2012772.0
1563322.0