45.0
5.0
42.0
27.0
73.0
15.0
75.0
27.0
8.0
5.0
7.0
87.0
94.0
53.0
91.0
87.0
1.0
32.0
62.0
4.0
86.0
82.0
14.0
62.0
76.0
16.0
82.0
80.0
41.0
19.0
2.0
87.0
99.0
13.0
30.0
17.0
37.0
51.0
29.0
75.0
6.0
18.0
14.0
12.0
98.0
36.0
15.0
45.0
67.0
98.0
27.0
91.0
27.0
56.0
67.0
43.0
89.0
34.0
98.0
75.0
30.0
34.0
87.0
62.0
99.0
11.0
20.0
92.0
100.0
21.0
26.0
67.0
100.0
84.0
42.0
28.0
27.0
78.0
28.0
71.0
30.0
73.0
87.0
49.0
97.0
41.0
60.0
28.0
81.0
50.0
28.0
24.0
1.0
34.0
79.0
6.0
28.0
34.0
71.0
72.0
14.0
27.0
36.0
7.0
80.0
51.0
21.0
10.0
44.0
8.0
44.0
49.0
58.0
49.0
7.0
62.0
8.0
88.0
73.0
29.0
18.0
64.0
80.0
24.0
54.0
14.0
56.0
80.0
76.0
24.0
34.0
65.0
9.0
60.0
75.0
29.0
14.0
16.0
70.0
85.0
7.0
4.0
64.0
47.0
73.0
32.0
78.0
75.0
45.0
57.0
48.0
50.0
16.0
27.0
27.0
46.0
27.0
85.0
68.0
35.0
1.0
45.0
39.0
45.0
68.0
36.0
68.0
14.0
4.0
45.0
87.0
8.0
21.0
13.0
71.0
11.0
62.0
99.0
2.0
66.0
16.0
35.0
41.0
77.0
12.0
95.0
71.0
41.0
14.0
73.0
44.0
24.0
71.0
78.0
38.0
80.0
45.0
63.0
9.0
25.0
96.0
75.0
50.0
91.0
83.0
67.0
62.0
59.0
78.0
15.0
74.0
15.0
59.0
3.0
89.0
91.0
26.0
77.0
68.0
91.0
73.0
3.0
16.0
92.0
9.0
21.0
77.0
84.0
97.0
4.0
31.0
13.0
91.0
56.0
66.0
76.0
66.0
3.0
25.0
84.0
64.0
83.0
1.0
89.0
73.0
43.0
62.0
69.0
62.0
26.0
49.0
87.0
69.0
67.0
36.0
13.0
37.0
75.0
28.0
86.0
14.0
14.0
65.0
70.0
45.0
59.0
45.0
93.0
65.0
64.0
99.0
97.0
22.0
31.0
3.0
67.0
98.0
28.0
57.0
93.0
37.0
90.0
96.0
50.0
7.0
44.0
5.0
4.0
68.0
15.0
44.0
4.0
87.0
69.0
13.0
100.0
69.0
24.0
100.0
46.0
32.0
47.0
44.0
24.0
49.0
71.0
40.0
42.0
96.0
49.0
56.0
76.0
71.0
79.0
16.0
82.0
87.0
52.0
15.0
48.0
71.0
6.0
25.0
78.0
71.0
60.0
28.0
7.0
47.0
61.0
18.0
21.0
12.0
61.0
28.0
54.0
42.0
82.0
37.0
87.0
47.0
42.0
16.0
68.0
17.0
29.0
48.0
34.0
61.0
96.0
61.0
73.0
45.0
49.0
79.0
7.0
13.0
92.0
75.0
89.0
92.0
94.0
62.0
27.0
4.0
24.0
14.0
21.0
8.0
45.0
21.0
86.0
54.0
28.0
19.0
42.0
67.0
22.0
81.0
64.0
85.0
31.0
74.0
94.0
63.0
29.0
40.0
74.0
43.0
82.0
19.0
41.0
86.0
25.0
11.0
30.0
89.0
11.0
83.0
31.0
47.0
96.0
68.0
34.0
99.0
72.0
71.0
62.0
29.0
18.0
49.0
26.0
78.0
41.0
46.0
97.0
35.0
19.0
20.0
73.0
18.0
73.0
61.0
7.0
99.0
45.0
90.0
77.0
77.0
77.0
41.0
98.0
84.0
12.0
69.0
21.0
42.0
10.0
23.0
14.0
70.0
57.0
89.0
98.0
81.0
62.0
24.0
37.0
64.0
34.0
97.0
1.0
59.0
9.0
100.0
28.0
89.0
50.0
29.0
23.0
17.0
78.0
38.0
41.0
21.0
14.0
2.0
12.0
98.0
75.0
83.0
41.0
34.0
8.0
6.0
55.0
100.0
33.0
21.0
31.0
52.0
22.0
62.0
13.0
21.0
52.0
16.0
32.0
35.0
59.0
47.0
64.0
79.0
4.0
19.0
47.0
81.0
60.0
8.0
31.0