2122850.0
1628333.0
1557988.0
1810348.0
1703038.0
2122850.0
1730312.0
2164343.0
2042697.0
1851890.0
1935370.0
1365939.0
1888824.0
1552478.0
1566314.0
1888824.0
1859829.0
1627211.0
2253906.0
1497012.0
2113995.0
1628333.0
1402362.0
1853838.0
1557988.0
2141200.0
2113995.0
1396759.0
2141200.0
1687608.0
1513649.0
1730312.0
1628333.0
2013552.0
1898165.0
1563322.0
1781490.0
2106843.0
1369874.0
1859829.0
1840969.0
1485698.0
2223692.0
1990010.0
1740862.0
1513649.0
1859829.0
1939489.0
1708404.0
1740862.0
2237235.0
1851890.0
1485698.0
1843254.0
2253906.0
2107403.0
1497012.0
1898083.0
2223692.0
1851890.0
1374042.0
2122850.0
1990010.0
1853838.0
2107403.0
1459359.0
1483706.0
1888824.0
1830706.0
2164343.0
1777909.0
1536462.0
1935370.0
1849153.0
1909519.0