87.0
26.0
15.0
62.0
23.0
32.0
31.0
62.0
42.0
73.0
16.0
84.0
94.0
23.0
73.0
27.0
38.0
78.0
87.0
47.0
72.0
35.0
68.0
92.0
35.0
17.0
16.0
68.0
16.0
31.0
89.0
21.0
80.0
73.0
47.0
7.0
30.0
43.0
42.0
98.0
39.0
91.0
99.0
75.0
73.0
6.0
29.0
68.0
29.0
87.0
14.0
64.0
16.0
14.0
31.0
39.0
55.0
86.0
95.0
57.0
15.0
64.0
16.0
11.0
66.0
85.0
2.0
65.0
99.0
88.0
11.0
43.0
28.0
6.0
83.0
93.0
89.0
81.0
13.0
100.0
27.0
22.0
25.0
12.0
99.0
62.0
97.0
75.0
24.0
44.0
32.0
12.0
55.0
6.0
13.0
14.0
16.0
51.0
33.0
73.0
88.0
14.0
26.0
41.0
76.0
27.0
95.0
13.0
36.0
45.0
41.0
22.0
31.0
71.0
89.0
94.0
45.0
73.0
25.0
18.0
59.0
1.0
74.0
27.0
72.0
41.0
99.0
76.0
87.0
66.0
93.0
73.0
19.0
78.0
4.0
20.0
96.0
58.0
25.0
40.0
29.0
39.0
73.0
98.0
75.0
73.0
54.0
84.0
55.0
42.0
99.0
94.0
22.0
86.0
32.0
99.0
28.0
80.0
11.0
30.0
72.0
25.0
13.0
86.0
75.0
49.0
44.0
75.0
64.0
28.0
14.0
98.0
62.0
25.0
86.0
77.0
39.0
64.0
12.0
59.0
47.0
53.0
31.0
79.0
86.0
75.0
85.0
84.0
2.0
75.0
17.0
97.0
91.0
2.0
28.0
28.0
94.0
27.0
24.0
6.0
27.0
13.0
96.0
28.0
5.0
100.0
26.0
74.0
85.0
31.0
40.0
10.0
99.0
49.0
3.0
46.0
93.0
75.0
91.0
47.0
33.0
28.0
98.0
77.0
27.0
58.0
45.0
97.0
7.0
83.0
86.0
48.0
68.0
30.0
99.0
76.0
92.0
75.0
16.0
62.0
8.0
47.0
32.0
21.0
36.0
43.0
24.0
23.0
4.0
3.0
44.0
100.0
16.0
62.0
72.0
90.0
69.0
32.0
68.0
69.0
45.0
46.0
20.0
80.0
72.0
13.0
38.0
88.0
72.0
12.0
72.0
18.0
11.0
23.0
5.0
21.0
64.0
23.0
27.0
34.0
71.0
41.0
88.0
21.0
91.0
17.0
9.0
76.0
85.0
26.0
66.0
45.0
99.0
19.0
12.0
75.0
30.0
88.0
98.0
43.0
15.0
72.0
64.0
30.0
47.0
71.0
35.0
96.0
84.0
54.0
17.0
92.0
75.0
36.0
27.0
90.0
30.0
39.0
75.0
86.0
10.0
23.0
29.0
62.0
72.0
42.0
74.0
73.0
79.0
50.0
87.0
91.0
25.0
52.0
43.0
50.0
55.0
33.0
13.0
18.0
63.0
77.0
12.0
50.0
100.0
41.0
98.0
67.0
87.0
72.0
94.0
91.0
68.0
94.0
86.0
27.0
73.0
41.0
71.0
85.0
3.0
4.0
90.0
49.0
54.0
17.0
27.0
56.0
77.0
68.0
64.0
77.0
87.0
68.0
44.0
63.0
9.0
4.0
28.0
78.0
71.0
92.0
61.0
47.0
94.0
27.0
85.0
29.0
73.0
87.0
84.0
30.0
11.0
22.0
73.0
65.0
17.0
38.0
46.0
74.0
46.0
72.0
43.0
48.0
26.0
94.0
82.0
19.0
24.0
99.0
86.0
16.0
22.0
98.0
58.0
7.0
97.0
61.0
9.0
64.0
44.0
89.0
56.0
29.0
71.0
80.0
84.0
29.0
20.0
8.0
23.0
5.0
47.0
14.0
95.0
41.0
88.0
94.0
41.0
11.0
52.0
72.0
12.0
50.0
98.0
18.0
16.0
90.0
76.0
61.0
98.0
97.0
89.0
69.0
97.0
35.0
46.0
11.0
12.0
77.0
86.0
31.0
86.0
99.0
64.0
77.0
27.0
18.0
30.0
84.0
12.0
19.0
64.0
64.0
20.0
19.0
5.0
27.0
60.0
39.0
45.0
77.0
48.0
13.0
17.0
33.0
47.0
78.0
71.0
58.0
72.0
87.0
40.0
43.0
45.0
10.0
20.0
64.0
82.0
48.0
87.0
18.0
6.0
72.0
25.0
8.0
92.0
73.0
72.0
54.0
35.0
59.0
22.0
50.0
28.0
96.0
98.0
6.0
99.0
22.0
73.0
73.0
50.0
66.0
12.0
25.0
77.0
97.0
11.0
11.0
81.0
87.0
8.0
92.0
78.0
98.0
96.0
12.0
51.0
31.0
33.0
75.0
44.0
3.0
57.0
11.0
9.0
77.0
20.0
47.0
96.0
57.0
15.0
73.0
25.0
21.0
28.0
17.0
78.0
36.0
11.0
49.0
8.0
78.0
7.0
32.0
41.0
41.0
73.0
29.0
86.0
1.0
48.0
89.0
50.0
32.0
69.0
17.0
99.0
81.0
28.0
32.0
16.0
32.0
51.0
32.0
67.0
52.0
94.0
49.0
4.0
43.0
32.0
62.0
13.0
70.0
7.0
35.0
66.0
93.0
49.0
85.0
66.0
64.0
64.0
98.0
82.0
49.0
84.0
2.0
13.0
62.0
57.0
89.0
41.0
93.0
55.0
100.0
64.0
83.0
25.0
9.0
56.0
13.0
88.0
17.0
71.0
26.0
17.0
8.0
97.0
28.0
93.0
7.0
33.0
98.0
78.0
68.0
51.0
57.0
52.0
28.0
21.0
59.0
11.0
35.0
49.0
84.0
7.0
100.0
97.0
42.0
3.0
62.0
68.0
68.0
86.0
81.0
56.0
96.0
100.0
71.0
9.0
77.0
24.0
56.0
42.0
71.0
14.0
64.0
51.0
49.0
75.0
65.0
73.0
71.0
84.0
85.0
16.0
64.0
92.0
89.0
9.0
55.0
81.0
19.0
74.0
40.0
80.0
98.0
38.0
48.0
7.0
64.0
64.0
68.0
68.0
39.0
91.0
35.0
73.0
20.0
19.0
75.0
97.0
50.0
18.0
50.0
51.0
62.0
83.0
39.0
46.0
96.0
56.0
47.0
36.0
26.0
99.0
69.0
15.0
96.0
21.0
66.0
55.0
14.0
90.0
84.0
23.0
30.0
61.0
72.0
12.0
76.0
35.0
77.0
39.0
62.0
74.0
91.0
40.0
22.0
32.0
42.0
27.0
98.0
97.0
85.0
26.0
30.0
3.0
15.0
17.0
45.0
76.0
31.0
33.0
3.0
19.0
47.0
69.0
89.0
33.0
100.0
67.0
91.0
65.0
47.0
8.0
29.0
72.0
98.0
9.0
87.0
40.0
72.0
4.0
85.0
92.0
45.0
73.0
30.0
71.0
33.0
18.0
12.0
13.0
83.0
83.0
7.0
69.0
62.0
98.0
64.0
58.0
84.0
1.0
72.0
17.0
53.0
12.0
7.0
21.0
27.0
89.0
64.0
46.0
87.0
100.0
32.0
82.0
60.0
40.0
27.0
100.0
71.0
94.0
72.0
51.0
29.0
89.0
77.0
92.0
71.0
72.0
11.0
78.0
14.0
99.0
4.0
28.0
12.0
68.0
87.0
72.0
56.0
74.0
28.0
49.0
4.0
80.0
96.0
27.0
8.0
1.0
49.0
12.0
31.0
31.0
75.0
44.0
27.0
4.0
72.0
81.0
93.0
16.0
21.0
13.0
98.0
76.0
35.0
20.0
28.0
14.0
25.0
21.0
35.0
71.0
17.0
82.0
94.0
34.0
60.0
8.0
23.0
94.0
33.0
76.0
76.0
88.0
62.0
67.0
15.0
43.0
45.0
17.0
87.0
97.0
98.0
62.0
42.0
51.0
60.0
11.0
67.0
96.0
80.0
100.0
61.0
43.0
85.0
67.0
14.0
7.0
23.0
78.0
99.0
92.0
94.0
91.0
56.0
85.0
99.0
87.0
53.0
100.0
64.0
91.0
56.0
34.0
5.0
66.0
77.0
72.0
81.0
50.0
83.0
89.0
86.0
31.0
22.0
80.0
39.0
4.0
60.0
62.0
15.0
1.0
77.0
71.0
64.0
21.0
41.0
15.0
61.0
31.0
15.0
24.0
70.0
16.0
94.0
41.0
73.0
66.0
23.0
65.0
84.0
32.0
11.0
51.0
22.0
49.0
42.0
85.0
63.0
96.0
26.0
88.0
75.0
75.0
58.0
8.0
83.0
1.0
14.0
10.0
36.0
33.0
75.0
16.0
100.0
79.0
72.0
100.0
39.0
87.0
34.0
4.0
75.0
21.0
76.0
27.0
66.0
25.0
56.0
28.0
26.0
4.0
27.0
61.0
99.0
44.0
22.0
21.0
71.0
28.0
50.0
23.0
97.0
34.0
61.0
11.0
16.0
83.0
10.0
20.0
55.0
9.0
77.0
10.0
84.0
56.0
79.0
92.0
73.0
21.0
13.0
2.0
87.0
56.0
28.0
73.0
58.0
21.0
3.0
90.0
93.0
31.0
54.0
82.0
28.0
32.0
77.0
82.0
45.0
84.0
71.0
1.0
5.0
43.0
75.0
96.0
61.0
77.0
35.0
62.0
12.0
51.0
14.0
77.0
86.0
26.0
50.0
49.0
47.0
7.0
80.0
74.0
27.0
82.0
39.0
71.0
69.0
21.0
13.0
21.0
22.0
13.0
42.0
65.0
6.0
80.0
97.0
80.0
4.0
69.0
83.0
47.0
73.0
17.0
65.0
43.0
71.0
73.0
13.0
33.0
33.0
51.0
100.0
72.0
17.0
65.0
26.0
78.0
23.0
52.0
46.0
11.0
62.0
93.0
45.0
17.0
79.0
47.0
31.0
53.0
76.0
13.0
64.0
61.0
57.0
29.0
25.0
51.0
64.0
99.0
59.0
71.0
53.0
94.0
45.0
91.0
62.0
33.0
31.0
12.0
7.0
72.0
41.0
34.0
77.0
30.0
36.0
31.0
14.0
75.0
6.0
73.0
79.0
21.0
65.0
61.0
43.0
100.0
6.0
21.0
15.0
27.0
69.0
58.0
51.0
94.0
94.0
61.0
55.0
30.0
78.0
69.0
75.0
5.0
37.0
86.0
99.0
6.0
13.0
12.0
77.0
68.0
35.0
85.0
54.0
19.0
16.0
27.0
13.0
15.0
5.0
80.0
75.0
73.0
17.0
61.0
19.0
71.0
73.0
39.0
20.0
62.0
97.0
25.0
51.0
5.0
73.0
22.0
88.0
85.0
61.0
4.0
31.0
27.0
59.0
77.0
89.0
32.0
88.0
1.0
86.0
61.0
29.0
12.0
22.0
62.0
3.0
75.0
41.0
66.0
38.0
90.0
82.0
38.0
43.0
97.0
82.0
30.0
66.0
31.0
48.0
61.0
75.0
97.0
20.0
23.0
75.0
65.0
60.0
59.0
87.0
97.0
68.0
63.0
57.0
41.0
100.0
33.0
63.0
37.0
84.0
71.0
86.0
77.0
61.0
14.0
85.0
7.0
20.0
71.0
14.0
22.0
74.0
30.0
82.0
58.0
53.0
93.0
86.0
73.0
15.0
11.0
77.0
73.0
89.0
100.0
15.0
51.0
82.0
37.0
68.0
35.0
28.0
12.0
83.0
11.0
73.0
1.0
60.0
44.0
87.0
21.0
14.0
98.0
47.0
69.0
87.0
31.0
3.0
58.0
13.0
77.0
98.0
36.0
34.0
16.0
15.0
39.0
13.0
10.0
47.0
38.0
12.0
64.0
99.0
80.0
16.0
67.0
44.0
26.0
15.0
47.0
28.0
64.0
5.0
73.0
22.0
98.0
47.0
99.0
73.0
76.0
39.0
81.0
77.0
5.0
26.0
98.0
12.0
72.0
5.0
16.0
21.0
20.0
82.0
88.0
83.0
17.0
23.0
78.0
6.0
49.0
100.0
27.0
89.0
69.0
24.0
64.0
56.0
9.0
12.0
45.0
78.0
97.0
60.0
23.0
92.0
14.0
41.0
89.0
44.0
28.0
95.0
57.0
12.0
46.0
3.0
77.0
87.0
16.0
62.0
42.0
90.0
77.0
44.0
30.0
96.0
90.0
26.0
32.0
41.0
39.0
4.0
3.0
45.0
41.0
27.0
11.0
7.0
28.0
21.0
25.0
75.0
84.0
85.0
58.0
63.0
10.0
19.0
4.0
27.0
72.0
1.0
47.0
36.0
73.0
21.0
15.0
45.0
22.0
17.0
2.0
87.0
20.0
23.0
27.0
88.0
65.0
82.0
5.0
83.0
77.0
11.0
76.0
96.0
65.0
49.0
65.0
14.0
28.0
96.0
95.0
1.0
9.0
44.0
19.0
44.0
31.0
35.0
86.0
82.0
90.0
88.0
17.0
72.0
13.0
77.0
98.0
62.0
99.0
77.0
90.0
96.0
99.0
19.0
58.0
49.0
89.0
89.0
89.0
40.0
77.0
60.0
10.0
36.0
21.0
9.0
78.0
56.0
75.0
92.0
54.0
3.0
71.0
71.0
54.0
89.0
71.0
14.0
79.0
54.0
4.0
50.0
65.0
12.0
77.0
46.0
65.0
75.0
11.0
39.0
12.0
20.0
15.0
30.0
13.0
71.0
59.0
71.0
84.0
82.0
97.0
20.0
92.0
17.0
73.0
30.0
85.0
95.0
31.0
56.0
98.0
100.0
19.0
22.0
7.0
14.0
47.0
62.0
11.0
73.0
35.0
53.0
19.0
42.0
19.0
65.0
67.0
96.0
39.0
7.0
30.0
82.0
4.0
96.0
81.0
82.0
78.0
91.0
91.0
24.0
43.0
34.0
36.0
21.0
99.0
45.0
41.0
21.0
5.0
14.0
29.0
83.0
87.0
75.0
75.0
79.0
28.0
17.0
75.0
78.0
29.0
93.0
7.0
87.0
24.0
8.0
21.0
78.0
62.0
48.0
62.0
24.0
63.0
92.0
91.0
80.0
66.0
43.0
12.0
24.0
25.0
68.0
87.0
66.0
23.0
69.0
80.0
13.0
69.0
54.0
71.0
49.0
23.0
53.0
18.0
70.0
8.0
72.0
39.0
31.0
75.0
23.0
34.0
90.0
33.0
33.0
87.0
51.0
24.0
19.0
27.0
78.0
45.0
63.0
63.0
57.0
77.0
46.0
16.0
100.0
1.0
76.0
85.0
63.0
61.0
14.0
90.0
23.0
13.0
70.0
7.0
67.0
69.0
51.0
27.0
64.0
9.0
50.0
19.0
90.0
65.0
72.0
73.0
69.0
61.0
29.0
7.0
8.0
27.0
27.0
77.0
99.0
94.0
31.0
77.0
69.0
13.0
49.0
72.0
18.0
89.0
79.0
99.0
76.0
65.0
36.0
69.0
94.0
87.0
41.0
85.0
30.0
17.0
85.0
75.0
41.0
94.0
8.0
84.0
1.0
51.0
17.0
73.0
71.0
44.0
94.0
22.0
88.0
50.0
89.0
51.0
75.0
96.0
89.0
27.0
39.0
59.0
21.0
99.0
44.0
78.0
83.0
27.0
67.0
42.0
62.0
3.0
98.0
3.0
67.0
13.0
90.0
75.0
78.0
13.0
69.0
84.0
6.0
86.0
79.0
55.0
65.0
24.0
34.0
35.0
52.0
78.0
26.0
61.0
97.0
8.0
68.0
84.0
20.0
98.0
17.0
99.0
72.0
59.0
21.0
97.0
73.0
67.0
34.0
70.0
11.0
86.0
32.0
20.0
64.0
51.0
4.0
84.0
56.0
99.0
81.0
73.0
80.0
87.0
21.0
21.0
56.0
41.0
88.0
12.0
75.0
65.0
16.0
73.0
67.0
35.0
12.0
73.0
78.0
30.0
67.0
45.0
13.0
99.0
73.0
32.0
75.0
12.0
66.0
45.0
90.0
14.0
96.0
24.0
96.0
68.0
56.0
25.0
36.0
23.0
31.0
66.0
83.0
35.0
80.0
89.0
87.0
88.0
13.0
63.0
12.0
37.0
18.0
89.0
3.0
3.0
13.0
95.0
44.0
66.0
19.0
80.0
75.0
64.0
42.0
23.0
73.0
91.0
37.0
90.0
21.0
91.0
16.0
21.0
35.0
31.0
16.0
99.0
6.0
67.0
90.0
56.0
99.0
66.0
67.0
9.0
44.0
3.0
35.0
51.0
8.0
8.0
21.0
22.0
70.0
35.0
82.0
1.0
45.0
82.0
16.0
24.0
9.0
64.0
17.0
44.0
98.0
45.0
8.0
65.0
32.0
72.0
44.0
41.0
16.0
65.0
36.0
64.0
33.0
71.0
13.0
77.0
11.0
97.0
99.0
4.0
73.0
45.0
44.0
12.0
94.0
24.0
62.0
67.0
76.0
75.0
94.0
74.0
14.0
23.0
41.0
13.0
37.0
22.0
22.0
54.0
80.0
62.0
13.0
33.0
6.0
21.0
68.0
20.0
78.0
97.0
89.0
92.0
38.0
28.0
85.0
87.0
26.0
64.0
19.0
83.0
47.0
31.0
6.0
30.0
64.0
77.0
31.0
6.0
69.0
87.0
32.0
22.0
60.0
59.0
84.0
83.0
39.0
44.0
85.0
67.0
19.0
48.0
39.0
45.0
28.0
71.0
82.0
72.0
69.0
9.0
41.0
19.0
89.0
33.0
24.0
37.0
73.0
45.0
77.0
39.0
63.0
20.0
83.0
3.0
67.0
84.0
64.0
89.0
14.0
5.0
64.0
53.0
24.0
11.0
34.0
83.0
99.0
12.0
84.0
87.0
26.0