1723130.0
2253906.0
2107403.0
1810348.0
1888824.0
1759941.0
1853838.0
1555403.0
1899775.0
1866115.0
1686024.0
2090026.0
2107403.0
1669402.0
1973427.0
2013552.0
1396759.0
1891834.0
1810348.0
1380954.0
1680386.0
2107403.0
1781490.0
1840969.0
1898083.0
1759941.0
1687608.0
1840969.0
1940815.0
1465357.0
2158091.0
1990010.0
2210475.0
1687608.0
1723130.0
1365939.0
1714556.0
2095496.0
1703038.0
1686024.0
1740862.0
1559456.0
1696356.0
1686024.0
1759941.0
1940815.0
1497012.0
2090026.0
1898083.0
1444604.0
2194426.0
2237235.0
2095496.0
1374042.0
1479901.0
1396759.0
2223692.0
1369874.0
2223692.0
2155053.0
2061436.0
1990010.0
1947339.0
1898165.0
2095496.0
1592113.0
1562645.0
1459359.0
1578148.0
1843254.0
1708404.0
2210475.0
1730312.0
2095496.0
1497012.0