52.0
50.0
38.0
76.0
45.0
64.0
41.0
28.0
13.0
99.0
19.0
97.0
63.0
4.0
96.0
49.0
77.0
99.0
14.0
99.0
67.0
62.0
67.0
27.0
49.0
39.0
17.0
31.0
59.0
64.0
51.0
97.0
67.0
77.0
63.0
85.0
4.0
21.0
6.0
60.0
16.0
52.0
81.0
19.0
62.0
26.0
66.0
20.0
12.0
77.0
13.0
39.0
98.0
41.0
73.0
21.0
12.0
76.0
75.0
8.0
71.0
82.0
11.0
94.0
97.0
77.0
67.0
50.0
71.0
53.0
1.0
21.0
62.0
60.0
12.0
4.0
6.0
15.0
46.0
43.0
30.0
87.0
19.0
34.0
14.0
20.0
31.0
75.0
17.0
12.0
84.0
65.0
21.0
41.0
75.0
24.0
81.0
73.0
76.0
75.0
99.0
4.0
4.0
40.0
52.0
45.0
64.0
71.0
69.0
30.0
81.0
26.0
41.0
78.0
77.0
49.0
20.0
5.0
11.0
71.0
27.0
73.0
17.0
73.0
7.0
61.0
40.0
71.0
4.0
77.0
14.0
79.0
38.0
11.0
41.0
72.0
49.0
64.0
14.0
68.0
27.0
18.0
39.0
99.0
47.0
56.0
28.0
71.0
57.0
16.0
29.0
57.0
76.0
4.0
59.0
96.0
79.0
83.0
61.0
84.0
42.0
92.0
11.0
80.0
33.0
21.0
20.0
89.0
89.0
10.0
12.0
83.0
73.0
84.0
67.0
98.0
40.0
33.0
19.0
27.0
98.0
29.0
7.0
73.0
59.0
27.0
77.0
98.0
7.0
62.0
4.0
55.0
69.0
93.0
32.0
36.0
76.0
15.0
11.0
64.0
89.0
40.0
1.0
80.0
57.0
77.0
23.0
26.0
12.0
1.0
27.0
65.0
17.0
99.0
33.0
69.0
86.0
19.0
40.0
77.0
69.0
31.0
56.0
39.0
51.0
1.0
38.0
75.0
41.0
4.0
21.0
27.0
9.0
11.0
81.0
49.0
68.0
30.0
89.0
34.0
96.0
100.0
69.0
84.0
19.0
17.0
62.0
28.0
56.0
66.0
76.0
99.0
88.0
96.0
30.0
56.0
29.0
32.0
90.0
28.0
39.0
23.0
19.0
43.0
72.0
65.0
71.0
30.0
69.0
38.0
27.0
22.0
73.0
34.0
51.0
72.0
46.0
97.0
71.0
22.0
62.0
27.0
78.0
12.0
57.0
69.0
56.0
25.0
36.0
89.0
65.0
14.0
56.0
62.0
62.0
87.0
25.0
39.0
49.0
39.0
99.0
56.0
83.0
15.0
94.0
46.0
17.0
55.0
68.0
63.0
100.0
93.0
3.0
47.0
71.0
77.0
86.0
84.0
85.0
19.0
96.0
73.0
15.0
79.0
44.0
30.0
65.0
69.0
73.0
84.0
99.0
51.0
92.0
3.0
39.0
83.0
81.0
18.0
78.0
73.0
78.0
31.0
59.0
35.0
21.0
13.0
42.0
8.0
8.0
68.0
67.0
77.0
59.0
47.0
30.0
12.0
74.0
12.0
18.0
18.0
7.0
12.0
68.0
22.0
85.0
20.0
33.0
97.0
30.0
20.0
26.0
5.0
31.0
35.0
2.0
66.0
34.0
98.0
5.0
44.0
78.0
76.0
64.0
15.0
87.0
98.0
10.0
92.0
17.0
85.0
64.0
30.0
80.0
21.0
68.0
21.0
29.0
76.0
54.0
11.0
45.0
44.0
66.0
6.0
82.0
94.0
37.0
99.0
15.0
88.0
56.0
25.0
59.0
89.0
45.0
48.0
38.0
84.0
78.0
4.0
41.0
72.0
56.0
37.0
71.0
82.0
47.0
73.0
96.0
35.0
76.0
99.0
13.0
90.0
44.0
74.0
26.0
80.0
87.0
67.0
81.0
69.0
21.0
16.0
51.0
64.0
47.0
67.0
91.0
3.0
97.0
56.0
84.0
51.0
13.0
2.0
23.0
49.0
58.0
77.0
8.0
71.0
79.0
58.0
61.0
14.0
15.0
30.0
35.0
62.0
13.0
84.0
76.0
13.0
44.0
21.0
61.0
44.0
23.0
40.0
30.0
12.0
43.0
35.0
12.0
12.0
63.0
89.0
92.0
89.0
81.0
11.0
84.0
73.0
76.0
17.0
25.0
51.0
100.0
58.0
69.0
32.0
98.0
5.0
1.0
78.0
41.0
67.0
55.0
72.0
34.0
30.0
73.0
67.0
31.0
99.0
75.0
4.0
19.0
75.0
56.0
16.0
60.0
49.0
13.0
68.0
3.0
86.0
34.0
99.0
81.0
46.0
82.0
34.0
98.0
72.0
86.0
14.0
10.0
15.0
86.0
19.0
30.0
86.0
62.0
52.0
2.0
51.0
67.0
83.0
9.0
43.0
27.0
23.0
79.0
21.0
68.0
20.0
18.0
32.0
57.0
55.0
50.0
7.0
6.0
4.0
11.0
88.0
4.0
68.0
41.0
6.0
16.0
66.0
17.0
82.0
12.0
14.0
87.0
22.0
83.0
83.0
10.0
78.0
37.0
68.0
59.0
99.0
41.0
6.0
84.0
18.0
77.0
85.0
72.0
64.0
49.0
62.0
2.0
24.0
64.0
64.0
51.0
44.0
9.0
87.0
91.0
75.0
14.0
6.0
45.0
86.0
1.0
53.0
84.0
77.0
96.0
40.0
78.0
98.0
47.0
37.0
80.0
71.0
45.0
72.0
12.0
96.0
59.0
97.0
45.0
17.0
40.0
4.0
27.0
77.0
75.0
88.0
63.0
15.0
3.0
98.0
85.0
11.0
62.0
59.0
64.0
20.0
8.0
62.0
98.0
63.0
37.0
33.0
99.0
18.0
33.0
26.0
18.0
72.0
15.0
36.0
87.0
92.0
45.0
44.0
51.0
19.0
88.0
89.0
11.0
52.0
49.0
88.0
78.0
36.0
8.0
7.0
74.0
46.0
20.0
67.0
99.0
97.0
24.0
32.0
41.0
69.0
90.0
83.0
34.0
15.0
46.0
16.0
73.0
88.0
73.0
13.0
74.0
64.0
4.0
3.0
99.0
63.0
39.0
33.0
92.0
94.0
73.0
65.0
99.0
69.0
76.0
27.0
4.0
65.0
3.0
77.0
29.0
93.0
92.0
83.0
72.0
27.0
3.0
85.0
74.0
21.0
92.0
71.0
30.0
17.0
13.0
75.0
52.0
88.0
8.0
22.0
27.0
56.0
68.0
2.0
87.0
16.0
68.0
83.0
31.0
13.0
100.0
69.0
68.0
7.0
41.0
36.0
31.0
100.0
90.0
27.0
63.0
89.0
18.0
88.0
76.0
86.0
72.0
83.0
58.0
11.0
62.0
67.0
63.0
17.0
70.0
11.0
96.0
4.0
44.0
41.0
12.0
58.0
16.0
48.0
99.0
45.0
56.0
77.0
24.0
44.0
38.0
16.0
45.0
19.0
90.0
87.0
91.0
36.0
3.0
9.0
64.0
32.0
83.0
75.0
28.0
15.0
71.0
31.0
83.0
45.0
40.0
14.0
44.0
54.0
75.0
37.0
82.0
24.0
88.0
72.0
56.0
37.0
45.0
49.0
76.0
60.0
16.0
72.0
58.0
64.0
91.0
14.0
19.0
43.0
18.0
6.0
6.0
7.0
27.0
89.0
49.0
72.0
75.0
41.0
91.0
65.0
83.0
81.0
96.0
31.0
44.0
89.0
71.0
3.0
1.0
11.0
56.0
7.0
15.0
64.0
30.0
38.0
76.0
67.0
31.0
47.0
41.0
74.0
47.0
64.0
8.0
31.0
71.0
15.0
6.0
63.0
94.0
28.0
47.0
36.0
6.0
100.0
89.0
29.0
23.0
3.0
62.0
84.0
23.0
69.0
9.0
59.0
33.0
55.0
42.0
84.0
16.0
16.0
69.0
100.0
7.0
22.0
20.0
90.0
73.0
94.0
12.0
15.0
100.0
85.0
75.0
14.0
60.0
33.0
6.0
96.0
68.0
21.0
26.0
42.0
29.0
92.0
67.0
6.0
82.0
5.0
22.0
78.0
56.0
73.0
98.0
76.0
9.0
4.0
59.0
89.0
27.0
84.0
44.0
83.0
18.0
26.0
38.0
40.0
33.0
70.0
84.0
65.0
56.0
85.0
72.0
71.0
73.0
12.0
83.0
37.0
99.0
28.0
85.0
26.0
83.0
93.0
19.0
2.0
73.0
7.0
2.0
27.0
54.0
69.0
79.0
49.0
69.0
32.0
21.0
12.0
27.0
85.0
41.0
85.0
16.0
8.0
36.0
22.0
24.0
61.0
69.0
43.0
21.0
41.0
89.0
36.0
78.0
1.0
14.0
13.0
6.0
11.0
16.0
70.0
82.0
86.0
96.0
96.0
80.0
98.0
86.0
33.0
4.0
70.0
45.0
85.0
18.0
61.0
65.0
84.0
76.0
96.0
78.0
47.0
83.0
87.0
18.0
45.0
83.0
79.0
53.0
82.0
12.0
30.0
30.0
31.0
21.0
65.0
84.0
8.0
64.0
29.0
70.0
2.0
93.0
72.0
78.0
21.0
44.0
11.0
44.0
39.0
79.0
41.0
68.0
75.0
60.0
43.0
88.0
75.0
63.0
18.0
25.0
100.0
66.0
33.0
56.0
47.0
4.0
37.0
73.0
62.0
91.0
5.0
73.0
15.0
12.0
45.0
35.0
72.0
14.0
39.0
93.0
49.0
49.0
13.0
71.0
36.0
75.0
91.0
16.0
13.0
25.0
68.0
65.0
69.0
11.0
76.0
57.0
47.0
11.0
6.0
64.0
21.0
4.0
4.0
27.0
82.0
94.0
73.0
2.0
34.0
79.0
41.0
44.0
45.0
17.0
97.0
86.0
61.0
21.0
2.0
11.0
24.0
86.0
83.0
23.0
97.0
73.0
45.0
89.0
12.0
34.0
41.0
73.0
1.0
36.0
27.0
96.0
73.0
52.0
11.0
73.0
96.0
98.0
27.0
86.0
81.0
26.0
27.0
77.0
73.0
73.0
57.0
96.0
99.0
58.0
4.0
21.0
35.0
97.0
45.0
41.0
21.0
37.0
76.0
5.0
36.0
11.0
71.0
7.0
59.0
48.0
97.0
33.0
70.0
94.0
87.0
29.0
21.0
16.0
26.0
30.0
82.0
82.0
21.0
48.0
16.0
27.0
71.0
71.0
77.0
27.0
50.0
46.0
55.0
57.0
29.0
73.0
71.0
72.0
57.0
47.0
16.0
11.0
45.0
5.0
77.0
6.0
83.0
78.0
3.0
20.0
28.0
15.0
92.0
5.0
12.0
17.0
79.0
66.0
21.0
65.0
29.0
21.0
6.0
91.0
54.0
43.0
61.0
65.0
21.0
88.0
89.0
64.0
32.0
51.0
48.0
15.0
89.0
80.0
27.0
60.0
18.0
19.0
1.0
46.0
70.0
41.0
62.0
69.0
25.0
7.0
82.0
57.0
99.0
98.0
91.0
88.0
30.0
37.0
28.0
96.0
61.0
88.0
72.0
57.0
17.0
62.0
77.0
32.0
24.0
64.0
14.0
72.0
87.0
29.0
84.0
16.0
72.0
11.0
67.0
43.0
32.0
24.0
27.0
13.0
100.0
28.0
22.0
22.0
27.0
66.0
48.0
17.0
61.0
27.0
98.0
37.0
14.0
1.0
73.0
17.0
51.0
28.0
84.0
96.0
72.0
77.0
68.0
23.0
37.0
17.0
44.0
77.0
31.0
2.0
27.0
30.0
18.0
76.0
37.0
87.0
81.0
56.0
27.0
28.0
57.0
26.0
28.0
25.0
69.0
5.0
89.0
78.0
23.0
5.0
62.0
84.0
88.0
99.0
73.0
24.0
93.0
62.0
75.0
89.0
45.0
98.0
41.0
64.0
45.0
89.0
44.0
32.0
78.0
75.0
26.0
35.0
83.0
75.0
72.0
61.0
27.0
93.0
40.0
79.0
43.0
69.0
88.0
72.0
64.0
60.0
3.0
84.0
26.0
44.0
69.0
27.0
14.0
91.0
52.0
34.0
91.0
76.0
70.0
62.0
30.0
8.0
71.0
59.0
73.0
68.0
40.0
49.0
3.0
75.0
75.0
20.0
78.0
69.0
10.0
4.0
16.0
82.0
22.0
34.0
83.0
35.0
96.0
11.0
23.0
49.0
12.0
86.0
49.0
55.0
30.0
87.0
36.0
52.0
32.0
31.0
100.0
96.0
15.0
3.0
99.0
34.0
65.0
48.0
77.0
10.0
63.0
19.0
77.0
30.0
61.0
32.0
72.0
42.0
13.0
78.0
2.0
58.0
48.0
57.0
59.0
68.0
43.0
94.0
97.0
28.0
37.0
24.0
31.0
83.0
62.0
51.0
46.0
78.0
5.0
25.0
40.0
36.0
59.0
40.0
18.0
63.0
1.0
81.0
78.0
13.0
69.0
67.0
26.0
68.0
96.0
59.0
30.0
61.0
32.0
71.0
68.0
14.0
45.0
8.0
17.0
49.0
55.0
26.0
75.0
11.0
35.0
36.0
90.0
21.0
87.0
30.0
12.0
21.0
64.0
71.0
64.0
82.0
54.0
62.0
7.0
86.0
16.0
54.0
78.0
1.0
94.0
23.0
94.0
89.0
67.0
88.0
27.0
75.0
26.0
40.0
67.0
62.0
73.0
83.0
75.0
73.0
49.0
23.0
90.0
73.0
83.0
26.0
41.0
41.0
61.0
64.0
4.0
21.0
50.0
10.0
100.0
50.0
65.0
59.0
94.0
14.0
62.0
56.0
31.0
79.0
8.0
20.0
83.0
73.0
40.0
60.0
27.0
1.0
26.0
18.0
94.0
21.0
26.0
6.0
72.0
79.0
92.0
41.0
41.0
99.0
34.0
35.0
94.0
16.0
75.0
78.0
65.0
34.0
82.0
77.0
47.0
60.0
29.0
84.0
47.0
56.0
25.0
72.0
27.0
65.0
32.0
53.0
76.0
38.0
35.0
82.0
5.0
19.0
86.0
29.0
56.0
51.0
23.0
71.0
99.0
51.0
17.0
62.0
18.0
7.0
74.0
85.0
89.0
25.0
32.0
48.0
94.0
32.0
8.0
79.0
96.0
84.0
24.0
11.0
43.0
16.0
72.0
54.0
70.0
98.0
94.0
99.0
66.0
12.0
76.0
73.0
14.0
62.0
65.0
28.0
13.0
32.0
3.0
99.0
75.0
14.0
75.0
75.0
89.0
71.0
20.0
86.0
19.0
12.0
17.0
54.0
87.0
78.0
64.0
68.0
69.0
16.0
67.0
55.0
54.0
98.0
34.0
71.0
56.0
99.0
34.0
53.0
30.0
65.0
47.0
41.0
72.0
36.0
59.0
85.0
45.0
20.0
74.0
80.0
15.0
6.0
100.0
47.0
14.0
78.0
24.0
78.0
30.0
87.0
82.0
77.0
99.0
16.0
9.0
87.0
96.0
72.0
86.0
85.0
68.0
54.0
81.0
62.0
83.0
22.0
12.0
72.0
67.0
39.0
93.0
57.0
29.0
14.0
76.0
78.0
46.0
57.0
49.0
96.0
32.0
25.0
7.0
36.0
64.0
60.0
64.0
39.0
52.0
76.0
51.0
17.0
73.0
75.0
76.0
33.0
68.0
89.0
63.0
63.0
29.0
61.0
32.0
68.0
67.0
70.0
35.0
14.0
24.0
96.0
56.0
59.0
76.0
97.0
79.0
99.0
60.0
65.0
92.0
36.0
98.0
14.0
90.0
41.0
31.0
74.0
49.0
15.0
77.0
29.0
72.0
38.0
99.0
84.0
59.0
78.0
40.0
76.0
54.0
68.0
17.0
45.0
23.0
15.0
27.0
31.0
57.0
39.0
28.0
82.0
11.0
91.0
13.0
40.0
92.0
83.0
30.0
4.0
49.0
25.0
27.0
9.0
55.0
49.0
35.0
72.0
72.0
77.0
24.0
8.0
85.0
82.0
59.0
51.0
83.0
89.0
22.0
94.0
56.0
11.0
79.0
100.0
56.0
59.0
39.0
42.0
99.0
13.0
78.0
60.0
12.0
55.0
14.0
6.0
54.0
34.0
6.0
83.0
60.0
27.0
34.0
54.0
15.0
16.0
11.0
49.0
59.0
60.0
29.0
87.0
6.0
54.0
16.0
24.0
84.0
97.0
1.0
2.0
3.0
16.0
68.0
16.0
34.0
16.0
3.0
71.0
42.0
12.0
55.0
25.0
4.0
31.0
59.0
67.0
14.0
100.0
29.0
44.0
17.0
86.0
46.0
1.0
100.0
38.0
29.0
98.0
27.0
5.0
73.0
14.0
14.0
99.0
98.0
72.0
99.0
41.0
6.0
34.0
87.0
27.0
80.0
86.0
17.0
61.0
21.0
65.0
36.0
83.0
64.0
83.0
70.0
42.0
36.0
15.0
62.0
78.0
96.0
31.0
85.0
83.0
61.0
34.0
17.0
66.0
73.0
36.0
14.0
73.0
13.0
96.0
76.0
79.0
75.0
28.0
43.0
5.0
64.0
14.0
70.0
71.0
36.0
79.0
75.0
6.0
29.0
80.0
7.0
45.0
93.0
35.0
75.0
53.0
65.0
55.0
73.0
100.0
35.0
99.0
40.0
64.0
2.0
34.0
30.0
19.0
87.0
79.0
72.0
87.0
34.0
77.0
65.0
3.0
71.0
58.0
94.0
26.0
37.0
77.0
21.0
57.0
94.0
94.0
36.0
13.0
67.0
62.0
3.0
53.0
89.0
40.0
33.0
97.0
86.0
58.0
34.0
41.0
67.0
11.0
97.0