6.0
20.0
27.0
61.0
37.0
14.0
3.0
33.0
29.0
60.0
20.0
24.0
91.0
56.0
12.0
97.0
77.0
42.0
73.0
27.0
80.0
94.0
76.0
98.0
75.0
100.0
50.0
98.0
77.0
4.0
4.0
60.0
84.0
25.0
57.0
3.0
54.0
66.0
5.0
3.0
87.0
52.0
46.0
62.0
84.0
65.0
67.0
21.0
81.0
23.0
81.0
76.0
74.0
31.0
2.0
43.0
73.0
98.0
45.0
92.0
15.0
65.0
3.0
62.0
12.0
29.0
83.0
60.0
86.0
73.0
26.0
7.0
49.0
75.0
73.0
26.0
19.0
100.0
94.0
41.0
32.0
7.0
29.0
27.0
25.0
65.0
68.0
42.0
68.0
91.0
7.0
44.0
64.0
17.0
48.0
91.0
23.0
7.0
89.0
78.0
52.0
35.0
82.0
14.0
76.0
25.0
3.0
72.0
71.0
83.0
45.0
29.0
68.0
17.0
57.0
49.0
80.0
48.0
96.0
39.0
44.0
17.0
7.0
62.0
11.0
87.0
91.0
99.0
4.0
75.0
11.0
20.0
69.0
92.0
90.0
22.0
21.0
69.0
34.0
49.0
92.0
93.0
31.0
23.0
20.0
61.0
1.0
61.0
78.0
31.0
13.0
8.0
72.0
71.0
98.0
29.0
5.0
15.0
72.0
71.0
37.0
85.0
54.0
4.0
83.0
27.0
44.0
50.0
73.0
62.0
67.0
76.0
85.0
85.0
14.0
29.0
29.0
33.0
30.0
89.0
54.0
97.0
41.0
14.0
89.0
32.0
14.0
80.0
88.0
9.0
1.0
67.0
70.0
82.0
99.0
28.0
71.0
51.0
64.0
89.0
73.0
66.0
34.0
64.0
12.0
18.0
66.0
78.0
90.0
18.0
21.0
49.0
65.0
74.0
25.0
89.0
55.0
49.0
22.0
57.0
12.0
37.0
25.0
89.0
24.0
94.0
97.0
43.0
72.0
60.0
37.0
75.0
81.0
86.0
64.0
82.0
15.0
20.0
43.0
14.0
64.0
20.0
27.0
48.0
21.0
46.0
14.0
13.0
71.0
12.0
69.0
73.0
45.0
4.0
96.0
28.0
68.0
8.0
68.0
75.0
21.0
37.0
63.0
56.0
79.0
68.0
11.0
87.0
89.0
27.0
56.0
54.0
11.0
87.0
25.0
21.0
71.0
80.0
24.0
44.0
96.0
75.0
24.0
4.0
84.0
90.0
100.0
87.0
18.0
65.0
72.0
21.0
62.0
59.0
21.0
33.0
65.0
88.0
76.0
92.0
44.0
8.0
96.0
24.0
42.0
78.0
13.0
7.0
17.0
16.0
34.0
12.0
78.0
99.0
94.0
82.0
86.0
88.0
64.0
99.0
21.0
86.0
73.0
62.0
28.0
11.0
36.0
87.0
16.0
65.0
49.0
19.0
39.0
1.0
31.0
64.0
76.0
51.0
22.0
41.0
97.0
26.0
89.0
74.0
11.0
41.0
28.0
85.0
26.0
34.0
61.0
75.0
61.0
33.0
22.0
67.0
24.0
33.0
28.0
86.0
21.0
21.0
29.0
31.0
73.0
30.0
3.0
44.0
88.0
24.0
72.0
100.0
79.0
91.0
49.0
32.0
85.0
46.0
100.0
72.0
87.0
65.0
35.0
51.0
45.0
32.0
4.0
60.0
88.0
75.0
44.0
85.0
27.0
85.0
20.0
81.0
9.0
97.0
40.0
56.0
40.0
77.0
20.0
83.0
73.0
59.0
73.0
38.0
64.0
85.0
45.0
91.0
75.0
12.0
41.0
49.0
94.0
48.0
30.0
22.0
25.0
89.0
16.0
4.0
67.0
58.0
28.0
13.0
94.0
48.0
42.0
49.0
15.0
3.0
64.0
87.0
53.0
79.0
8.0
28.0
81.0
64.0
30.0
78.0
7.0
45.0
17.0
18.0
60.0
42.0
98.0
23.0
27.0
86.0
30.0
60.0
55.0
39.0
23.0
40.0
28.0
58.0
9.0
81.0
44.0
45.0
67.0
3.0
61.0
20.0
33.0
100.0
9.0
36.0
20.0
32.0
62.0
20.0
23.0
21.0
13.0
30.0
21.0
27.0
5.0
42.0
19.0
49.0
27.0
73.0
92.0
96.0
95.0
62.0
83.0
75.0
55.0
50.0
87.0
100.0
45.0
87.0
66.0
33.0
73.0
76.0
49.0
64.0
77.0
33.0
15.0
5.0
43.0
99.0
77.0
23.0
8.0
6.0
94.0
97.0
49.0
25.0
78.0
88.0
20.0
17.0
89.0
40.0
24.0
76.0
87.0
17.0
76.0
87.0
19.0
68.0
13.0
81.0
85.0
87.0
68.0
94.0
61.0
13.0
39.0
83.0
28.0
29.0
89.0
5.0
62.0
13.0
70.0
91.0
99.0
27.0
77.0
12.0
27.0
87.0
86.0
80.0
23.0
42.0
78.0
82.0
20.0
78.0
39.0
97.0
31.0
80.0
66.0
30.0
21.0
98.0
54.0
46.0
1.0
14.0
86.0
13.0
68.0
64.0
31.0
44.0
58.0
30.0
71.0
28.0
99.0
66.0
96.0
89.0
42.0
8.0
25.0
51.0
86.0
13.0
75.0
68.0
38.0
37.0
71.0
94.0
61.0
31.0
22.0
51.0
73.0
71.0
58.0
58.0
8.0
20.0
45.0
69.0
99.0
82.0
27.0
68.0
23.0
45.0
69.0
34.0
71.0
14.0
65.0
3.0
90.0
78.0
28.0
91.0
56.0
27.0
65.0
39.0
82.0
39.0
24.0
90.0
32.0
67.0
85.0
3.0
41.0
62.0
44.0
85.0
38.0
95.0
1.0
34.0
7.0
65.0
42.0
27.0
81.0
20.0
31.0
35.0
4.0
71.0
59.0
73.0
75.0
96.0
38.0
6.0
60.0
41.0
79.0
30.0
84.0
14.0
99.0
68.0
77.0
47.0
42.0
90.0
42.0
14.0
51.0
94.0
59.0
22.0
28.0
75.0
27.0
92.0
61.0
34.0
76.0
32.0
33.0
8.0
75.0
14.0
35.0
11.0
49.0
48.0
76.0
27.0
16.0
78.0
44.0
76.0
88.0
43.0
69.0
52.0
49.0
34.0
33.0
30.0
19.0
32.0
45.0
69.0
7.0
8.0
24.0
1.0
97.0
58.0
54.0
65.0
27.0
94.0
28.0
96.0
61.0
77.0
6.0
56.0
35.0
5.0
27.0
16.0
29.0
66.0
65.0
43.0
71.0
68.0
81.0
54.0
15.0
15.0
21.0
12.0
16.0
28.0
26.0
51.0
52.0
61.0
98.0
27.0
72.0
24.0
51.0
61.0
40.0
58.0
84.0
89.0
71.0
68.0
85.0
99.0
79.0
71.0
60.0
76.0
52.0
49.0
59.0
10.0
22.0
98.0
78.0
24.0
1.0
61.0
24.0
75.0
19.0
100.0
80.0
87.0
88.0
31.0
45.0
76.0
18.0
96.0
32.0
85.0
96.0
86.0
29.0
33.0
4.0
78.0
92.0
93.0
62.0
31.0
72.0
14.0
9.0
40.0
71.0
40.0
17.0
73.0
15.0
62.0
36.0
73.0
31.0
64.0
79.0
25.0
28.0
69.0
76.0
69.0
82.0
13.0
87.0
33.0
4.0
7.0
54.0
73.0
41.0
30.0
45.0
4.0
100.0
92.0
8.0
91.0
68.0
79.0
41.0
7.0
76.0
87.0
94.0
89.0
56.0
88.0
79.0
52.0
71.0
28.0
56.0
72.0
94.0
28.0
6.0
1.0
49.0
21.0
33.0
49.0
51.0
77.0
82.0
22.0
33.0
93.0
2.0
69.0
25.0
45.0
13.0
44.0
27.0
40.0
29.0
91.0
81.0
67.0
69.0
82.0
94.0
68.0
71.0
28.0
17.0
97.0
96.0
83.0
89.0
91.0
8.0
42.0
48.0
11.0
99.0
86.0
13.0
50.0
71.0
80.0
56.0
10.0
73.0
56.0
72.0
14.0
99.0
43.0
64.0
4.0
11.0
33.0
61.0
13.0
41.0
62.0
62.0
15.0
57.0
72.0
25.0
90.0
17.0
6.0
65.0
30.0
69.0
71.0
46.0
32.0
19.0
39.0
59.0
68.0
65.0
40.0
11.0
72.0
85.0
30.0
77.0
51.0
33.0
64.0
48.0
14.0
9.0
20.0
98.0
16.0
32.0
27.0
1.0
70.0
75.0
89.0
90.0
100.0
25.0
81.0
78.0
71.0
87.0
49.0
16.0
58.0
61.0
16.0
78.0
84.0
80.0
50.0
99.0
26.0
18.0
85.0
21.0
78.0
63.0
94.0
9.0
35.0
27.0
87.0
96.0
71.0
27.0
39.0
1.0
81.0
52.0
85.0
27.0
79.0
14.0
99.0
89.0
66.0
77.0
28.0
87.0
23.0
13.0
12.0
9.0
6.0
35.0
96.0
11.0
99.0
27.0
73.0
5.0
15.0
52.0
12.0
63.0
36.0
30.0
100.0
13.0
75.0
56.0
33.0
67.0
39.0
83.0
54.0
24.0
63.0
72.0
47.0
4.0
23.0
98.0
57.0
26.0
51.0
47.0
3.0
98.0
27.0
91.0
24.0
19.0
56.0
76.0
56.0
43.0
69.0
35.0
13.0
13.0
65.0
56.0
24.0
67.0
8.0
50.0
91.0
81.0
54.0
4.0
12.0
93.0
72.0
31.0
13.0
11.0
90.0
65.0
74.0
96.0
58.0
73.0
82.0
24.0
4.0
75.0
14.0
50.0
23.0
30.0
33.0
85.0
78.0
86.0
18.0
28.0
62.0
27.0
2.0
99.0
96.0
44.0
7.0
44.0
43.0
57.0
47.0
44.0
89.0
96.0
77.0
47.0
85.0
33.0
83.0
89.0
26.0
96.0
32.0
6.0
88.0
65.0
20.0
59.0
34.0
96.0
51.0
47.0
49.0
12.0
69.0
90.0
65.0
5.0
11.0
11.0
24.0
24.0
24.0
94.0
44.0
3.0
20.0
97.0
11.0
20.0
10.0
16.0
82.0
25.0
99.0
83.0
1.0
64.0
76.0
4.0
82.0
23.0
84.0
22.0
65.0
44.0
61.0
54.0
56.0
5.0
100.0
25.0
85.0
21.0
77.0
21.0
37.0
7.0
2.0
77.0
64.0
17.0
27.0
50.0
69.0
46.0
37.0
68.0
96.0
76.0
26.0
89.0
27.0
80.0
100.0
79.0
64.0
45.0
39.0
100.0
11.0
1.0
76.0
49.0
15.0
52.0
78.0
10.0
56.0
80.0
6.0
34.0
30.0
46.0
5.0
54.0
16.0
72.0
12.0
72.0
81.0
11.0
62.0
47.0
72.0
45.0
14.0
100.0
9.0
42.0
83.0
87.0
79.0
57.0
39.0
81.0
86.0
29.0
72.0
83.0
61.0
31.0
13.0
13.0
97.0
76.0
87.0
13.0
62.0
69.0
52.0
61.0
53.0
92.0
32.0
13.0
97.0
3.0
14.0
75.0
76.0
75.0
59.0
21.0
22.0
58.0
10.0
50.0
32.0
49.0
22.0
8.0
63.0
98.0
13.0
19.0
5.0
38.0
40.0
12.0
99.0
78.0
62.0
45.0
78.0
45.0
23.0
71.0
88.0
68.0
27.0
75.0
22.0
26.0
45.0
27.0
98.0
1.0
69.0
30.0
96.0
11.0
62.0
21.0
21.0
3.0
62.0
3.0
62.0
24.0
60.0
41.0
73.0
4.0
72.0
86.0
35.0
87.0
85.0
4.0
77.0
64.0
69.0
21.0
51.0
13.0
7.0
4.0
48.0
96.0
85.0
86.0
10.0
62.0
9.0
14.0
47.0
9.0
41.0
42.0
18.0
26.0
80.0
66.0
89.0
95.0
69.0
64.0
69.0
71.0
80.0
40.0
69.0
11.0
32.0
60.0
77.0
75.0
30.0
74.0
14.0
33.0
89.0
13.0
32.0
21.0
85.0
26.0
72.0
99.0
33.0
21.0
19.0
68.0
31.0
41.0
28.0
45.0
62.0
14.0
6.0
29.0
23.0
77.0
4.0
61.0
64.0
14.0
77.0
64.0
33.0
9.0
73.0
18.0
85.0
59.0
32.0
51.0
98.0
63.0
72.0
28.0
45.0
51.0
16.0
27.0
31.0
78.0
50.0
93.0
28.0
45.0
3.0
38.0
60.0
37.0
86.0
30.0
5.0
16.0
30.0
44.0
24.0
24.0
73.0
3.0
44.0
96.0
28.0
14.0
81.0
86.0
33.0
22.0
1.0
54.0
7.0
71.0
37.0
99.0
70.0
59.0
87.0
71.0
1.0
9.0
98.0
20.0
69.0
76.0
20.0
99.0
97.0
33.0
42.0
94.0
27.0
94.0
19.0
45.0
34.0
13.0
81.0
85.0
99.0
98.0
6.0
16.0
86.0
54.0
34.0
98.0
3.0
20.0
51.0
35.0
40.0
71.0
81.0
82.0
43.0
65.0
81.0
41.0
60.0
96.0
98.0
41.0
96.0
96.0
41.0
42.0
33.0
100.0
32.0
66.0
66.0
68.0
76.0