2013552.0
1708404.0
1592113.0
1849153.0
1898165.0
1730312.0
1666265.0
1940815.0
2113995.0
1708404.0
1948452.0
1714556.0
1948452.0
1536462.0
1529233.0
2143143.0
1559456.0
1812125.0
1696356.0
2107403.0
1459359.0
1990010.0
1973427.0
1891834.0
1948452.0
1851890.0
1866115.0
1687608.0
1781490.0
1810348.0
2106843.0
1687608.0
2090026.0
1374042.0
1557988.0
2141200.0
1940815.0
2095496.0
1708404.0
1696356.0
1557988.0
2095496.0
2106843.0
1851890.0
1812125.0
1940815.0
1627211.0
1687608.0
1666265.0
2122850.0
2013552.0
1810348.0
1859829.0
1909519.0
1365939.0
1627211.0
1812125.0
1939489.0
1846084.0
1810348.0
1497012.0
2217151.0
1759941.0
2210475.0
1504878.0
1562645.0
2164343.0
1365939.0
2244889.0
1465357.0
1559456.0
1714556.0
1935370.0
1859829.0
1909519.0