24.0
65.0
61.0
81.0
21.0
62.0
21.0
7.0
16.0
69.0
62.0
97.0
75.0
59.0
29.0
17.0
89.0
87.0
12.0
21.0
73.0
86.0
82.0
51.0
34.0
33.0
19.0
3.0
73.0
98.0
86.0
89.0
56.0
16.0
32.0
73.0
34.0
75.0
12.0
97.0
27.0
16.0
84.0
57.0
91.0
63.0
28.0
8.0
58.0
77.0
8.0
59.0
70.0
38.0
31.0
90.0
54.0
80.0
76.0
95.0
33.0
61.0
87.0
33.0
29.0
11.0
73.0
76.0
100.0
53.0
59.0
9.0
13.0
87.0
34.0
87.0
15.0
61.0
83.0
6.0
100.0
77.0
99.0
100.0
17.0
62.0
65.0
75.0
68.0
84.0
60.0
47.0
52.0
24.0
41.0
60.0
98.0
64.0
24.0
97.0
26.0
14.0
8.0
98.0
36.0
77.0
83.0
36.0
29.0
20.0
89.0
97.0
71.0
72.0
92.0
97.0
34.0
96.0
33.0
67.0
61.0
15.0
58.0
59.0
96.0
77.0
92.0
81.0
62.0
62.0
36.0
9.0
73.0
4.0
8.0
46.0
27.0
21.0
17.0
47.0
62.0
53.0
60.0
60.0
30.0
62.0
57.0
26.0
88.0
47.0
52.0
24.0
19.0
62.0
20.0
93.0
78.0
35.0
64.0
61.0
70.0
21.0
59.0
60.0
49.0
73.0
96.0
50.0
92.0
78.0
59.0
16.0
26.0
23.0
94.0
87.0
22.0
83.0
64.0
73.0
39.0
62.0
32.0
16.0
93.0
75.0
99.0
36.0
84.0
17.0
68.0
38.0
96.0
99.0
12.0
73.0
73.0
50.0
86.0
30.0
65.0
75.0
92.0
35.0
92.0
14.0
69.0
91.0
5.0
64.0
73.0
12.0
97.0
3.0
52.0
27.0
67.0
30.0
38.0
50.0
13.0
29.0
82.0
96.0
73.0
72.0
65.0
75.0
8.0
76.0
17.0
5.0
16.0
35.0
39.0
23.0
47.0
7.0
17.0
47.0
89.0
98.0
67.0
58.0
28.0
96.0
72.0
12.0
12.0
92.0
4.0
66.0
58.0
84.0
20.0
97.0
26.0
11.0
68.0
77.0
13.0
12.0
27.0
12.0
46.0
66.0
21.0
43.0
38.0
41.0
73.0
99.0
75.0
69.0
41.0
85.0
67.0
22.0
41.0
68.0
78.0
85.0
4.0
69.0
18.0
24.0
99.0
88.0
72.0
23.0
32.0
27.0
61.0
85.0
44.0
66.0
79.0
98.0
72.0
26.0
22.0
56.0
87.0
76.0
21.0
78.0
7.0
42.0
95.0
42.0
53.0
49.0
34.0
97.0
1.0
81.0
92.0
40.0
2.0
23.0
30.0
42.0
12.0
16.0
58.0
4.0
73.0
62.0
64.0
81.0
87.0
39.0
16.0
29.0
49.0
35.0
61.0
29.0
92.0
15.0
16.0
1.0
69.0
12.0
26.0
73.0
43.0
31.0
71.0
61.0
57.0
47.0
77.0
41.0
96.0
11.0
79.0
10.0
51.0
12.0
3.0
38.0
45.0
83.0
55.0
12.0
64.0
98.0
34.0
64.0
13.0
47.0
86.0
36.0
41.0
16.0
41.0
24.0
83.0
19.0
48.0
58.0
59.0
48.0
83.0
7.0
44.0
69.0
13.0
22.0
61.0
8.0
73.0
12.0
13.0
91.0
17.0
84.0
44.0
9.0
23.0
42.0
33.0
30.0
16.0
28.0
17.0
20.0
13.0
71.0
19.0
33.0
97.0
11.0
86.0
86.0
38.0
22.0
6.0
75.0
71.0
82.0
21.0
22.0
58.0
100.0
23.0
76.0
89.0
21.0
12.0
99.0
62.0
82.0
27.0
48.0
56.0
83.0
87.0
17.0
72.0
72.0
11.0
13.0
46.0
87.0
72.0
39.0
66.0
4.0
82.0
62.0
23.0
35.0
22.0
78.0
32.0
5.0
14.0
24.0
85.0
14.0
75.0
12.0
67.0
6.0
45.0
41.0
4.0
6.0
83.0
92.0
45.0
52.0
7.0
39.0
75.0
61.0
14.0
13.0
22.0
74.0
12.0
49.0
32.0
54.0
76.0
71.0
3.0
68.0
6.0
85.0
86.0
27.0
14.0
40.0
72.0
81.0
3.0
85.0
72.0
12.0
72.0
75.0
46.0
42.0
90.0
45.0
94.0
86.0
22.0
38.0
82.0
64.0
75.0
76.0
17.0
17.0
87.0
4.0
50.0
98.0
66.0
72.0
42.0
84.0
38.0
9.0
34.0
47.0
13.0
5.0
81.0
30.0
66.0
35.0
24.0
23.0
32.0
37.0
44.0
93.0
11.0
63.0
42.0
81.0
94.0
45.0
83.0
79.0
85.0
71.0
7.0
8.0
55.0
72.0
60.0
41.0
61.0
27.0
98.0
63.0
73.0
69.0
14.0
64.0
2.0
79.0
96.0
95.0
19.0
85.0
73.0
5.0
32.0
15.0
65.0
75.0
88.0
50.0
2.0
55.0
25.0
73.0
12.0
54.0
27.0
77.0
19.0
56.0
15.0
89.0
32.0
30.0
85.0
69.0
57.0
1.0
78.0
77.0
1.0
12.0
69.0
30.0
56.0
45.0
22.0
25.0
11.0
41.0
4.0
6.0
20.0
99.0
80.0
59.0
73.0
83.0
26.0
40.0
72.0
79.0
11.0
23.0
68.0
51.0
19.0
89.0
86.0
100.0
54.0
99.0
31.0
45.0
78.0
36.0
71.0
76.0
36.0
73.0
59.0
65.0
8.0
4.0
79.0
49.0
56.0
96.0
99.0
28.0
21.0
79.0
87.0
98.0
10.0
8.0
74.0
22.0
93.0
43.0
20.0
79.0
69.0
58.0
42.0
76.0
18.0
99.0
84.0
56.0
11.0
7.0
46.0
67.0
91.0
62.0
58.0
41.0
36.0
24.0
62.0
85.0
96.0
2.0
73.0
83.0
51.0
42.0
93.0
5.0
75.0
32.0
70.0
35.0
100.0
1.0
71.0
14.0
97.0
25.0
19.0
30.0
9.0
86.0
27.0
16.0
87.0
86.0
90.0
26.0
46.0
89.0
86.0
12.0
86.0
73.0
37.0
75.0
19.0
27.0
97.0
4.0
86.0
77.0
16.0
85.0
77.0
60.0
56.0
20.0
76.0
13.0
84.0
23.0
48.0
44.0
78.0
20.0
97.0
100.0
61.0
53.0
76.0
7.0
32.0
72.0
32.0
66.0
47.0
61.0
7.0
27.0
77.0
73.0
66.0
63.0
10.0
3.0
39.0
79.0
21.0
69.0
34.0
39.0
97.0
27.0
25.0
46.0
80.0
11.0
25.0
72.0
71.0
87.0
66.0
44.0
100.0
27.0
82.0
47.0
67.0
80.0
56.0
24.0
76.0
63.0
3.0
68.0
16.0
15.0
68.0
92.0
72.0
93.0
12.0
82.0
64.0
16.0
78.0
31.0
6.0
62.0
82.0
44.0
51.0
98.0
73.0
58.0
60.0
73.0
59.0
95.0
25.0
19.0
87.0
26.0
69.0
73.0
36.0
18.0
9.0
68.0
44.0
21.0
8.0
97.0
3.0
26.0
47.0
31.0
3.0
92.0
100.0
59.0
97.0
15.0
32.0
90.0
57.0
75.0
22.0
86.0
86.0
2.0
48.0
16.0
73.0
50.0
6.0
14.0
56.0
13.0
88.0
30.0
80.0
75.0
43.0
88.0
65.0
64.0
77.0
12.0
93.0
36.0
35.0
8.0
66.0
14.0
23.0
14.0
84.0
99.0
40.0
70.0
73.0
24.0
50.0
58.0
59.0
61.0
13.0
21.0
40.0
76.0
7.0
51.0
75.0
41.0
98.0
37.0
77.0
79.0
68.0
23.0
1.0
5.0
79.0
33.0
37.0
88.0
12.0
72.0
76.0
51.0
16.0
56.0
73.0
35.0
42.0
1.0
40.0
8.0
33.0
21.0
21.0
56.0
9.0
43.0
22.0
89.0
40.0
43.0
28.0
15.0
35.0
16.0
72.0
72.0
22.0
88.0
87.0
79.0
83.0
81.0
71.0
62.0
13.0
77.0
1.0
8.0
30.0
13.0
86.0
14.0
85.0
28.0
18.0
23.0
51.0
9.0
71.0
97.0
72.0
60.0
71.0
16.0
83.0
22.0
31.0
64.0
27.0
34.0
94.0
54.0
78.0
17.0
91.0
26.0
18.0
87.0
75.0
35.0
38.0
7.0
89.0
22.0
3.0
98.0
69.0
49.0
17.0
31.0
48.0
75.0
13.0
40.0
17.0
32.0
72.0
70.0
88.0
26.0
94.0
64.0
56.0
64.0
46.0
22.0
77.0
76.0
77.0
95.0
96.0
5.0
4.0
28.0
42.0
16.0
14.0
88.0
45.0
41.0
80.0
20.0
49.0
54.0
73.0
25.0
89.0
72.0
4.0
48.0
81.0
49.0
34.0
50.0
89.0
76.0
92.0
39.0
71.0
81.0
57.0
11.0
96.0
27.0
32.0
44.0
51.0
60.0
65.0
62.0
72.0
5.0
26.0
99.0
29.0
52.0
93.0
34.0
27.0
30.0
9.0
49.0
64.0
44.0
57.0
56.0
84.0
51.0
69.0
87.0
60.0
10.0
44.0
7.0
70.0
49.0
77.0
48.0
62.0
56.0
35.0
86.0
30.0
89.0
20.0
26.0
97.0
13.0
29.0
14.0
14.0
84.0
92.0
27.0
74.0
73.0
9.0
70.0
3.0
27.0
47.0
93.0
70.0
65.0
14.0
21.0
4.0
80.0
81.0
62.0
28.0
36.0
21.0
59.0
11.0
9.0
30.0
45.0
11.0
27.0
34.0
41.0
11.0
45.0
7.0
87.0
63.0
84.0
53.0
4.0
67.0
84.0
92.0
78.0
65.0
65.0
58.0
72.0
3.0
24.0
87.0
79.0
16.0
24.0
78.0
5.0
34.0
28.0
83.0
20.0
72.0
29.0
10.0
60.0
100.0
9.0
96.0
27.0
48.0
17.0
78.0
9.0
20.0
84.0
80.0
22.0
86.0
46.0
45.0
71.0
83.0
69.0
6.0
59.0
84.0
63.0
36.0
4.0
89.0
26.0
78.0
21.0
77.0
16.0
76.0
59.0
58.0
14.0
75.0
84.0
20.0
89.0
31.0
12.0
63.0
98.0
35.0
77.0
100.0
62.0
21.0
62.0
33.0
45.0
81.0
62.0
34.0
71.0
47.0
14.0
37.0
96.0
34.0
36.0
90.0
3.0
34.0
21.0
60.0
100.0
86.0
46.0
95.0
30.0
86.0
7.0
89.0
75.0
87.0
85.0
19.0
18.0
77.0
38.0
62.0
50.0
14.0
48.0
24.0
64.0
73.0
42.0
67.0
13.0
8.0
13.0
71.0
34.0
76.0
75.0
77.0
61.0
35.0
27.0
75.0
54.0
96.0
25.0
4.0
42.0
33.0
51.0
32.0
77.0
74.0
56.0
12.0
42.0
72.0
80.0
76.0
7.0
29.0
89.0
85.0
55.0
51.0
99.0
89.0
71.0
99.0
80.0
37.0
80.0
82.0
87.0
94.0
97.0
100.0
54.0
75.0
4.0
41.0
58.0
16.0
17.0
65.0
59.0
29.0
83.0
11.0
51.0
43.0
78.0
14.0
44.0
37.0
76.0
96.0
25.0
73.0
21.0
58.0
44.0
27.0
73.0
73.0
35.0
19.0
77.0
15.0
88.0
7.0
37.0
39.0
58.0
4.0
83.0
64.0
27.0
56.0
30.0
75.0
81.0
51.0
62.0
83.0
30.0
1.0
96.0
30.0
69.0
13.0
51.0
69.0
65.0
73.0
24.0
30.0
42.0
80.0
3.0
27.0
75.0
3.0
14.0
45.0
51.0
81.0
85.0
42.0
66.0
55.0
88.0
69.0
42.0
77.0
75.0
99.0
7.0
88.0
21.0
22.0
67.0
44.0
66.0
98.0
17.0
86.0
41.0
97.0
20.0
7.0
20.0
96.0
27.0
40.0
22.0
2.0
37.0
67.0
27.0
55.0
48.0
99.0
29.0
65.0
26.0
75.0
75.0
30.0
15.0
73.0
89.0
26.0
88.0
66.0
58.0
27.0
78.0
17.0
83.0
73.0
22.0
14.0
73.0
48.0
7.0
44.0
85.0
64.0
25.0
48.0
86.0
83.0
84.0
44.0
16.0
32.0
98.0
73.0
29.0
11.0
47.0
100.0
33.0
16.0
86.0
37.0
64.0
82.0
48.0
21.0
20.0
27.0
64.0
41.0
11.0
72.0
26.0
86.0
3.0
100.0
77.0
87.0
59.0
28.0
62.0
31.0
34.0
24.0
83.0
21.0
96.0
3.0
6.0
14.0
72.0
92.0
39.0
42.0
45.0
21.0
3.0
47.0
78.0
9.0
31.0
66.0
89.0
73.0
22.0
84.0
16.0
28.0
17.0
23.0
22.0
66.0
87.0
15.0
48.0
97.0
73.0
73.0
91.0
5.0
61.0
12.0
94.0
20.0
32.0
71.0
87.0
57.0
77.0
15.0
60.0
33.0
87.0
33.0
23.0
27.0
91.0
98.0
2.0
26.0
12.0
20.0
61.0
64.0
39.0
75.0
40.0
49.0
4.0
36.0
75.0
58.0
81.0
72.0
77.0
71.0
11.0
54.0
17.0
9.0
34.0
25.0
14.0
59.0
35.0
11.0
28.0
92.0
44.0
5.0
59.0
76.0
61.0
60.0
94.0
82.0
34.0
16.0
5.0
56.0
79.0
66.0
8.0
15.0
3.0
49.0
30.0
27.0
58.0
14.0
12.0
77.0
31.0
17.0
71.0
17.0
52.0
21.0
57.0
69.0
3.0
64.0
62.0
6.0
22.0
79.0
83.0
24.0
56.0
80.0
50.0
99.0
80.0
80.0
80.0
97.0
22.0
68.0
68.0
87.0
64.0
87.0
84.0
28.0
24.0
26.0
3.0
25.0
24.0
64.0
64.0
66.0
77.0
29.0
42.0
75.0
82.0
100.0
73.0
94.0
77.0
27.0
17.0
13.0
68.0
17.0
77.0
94.0
30.0
59.0
55.0
3.0
9.0
76.0
94.0
11.0
94.0
16.0
63.0
93.0
39.0
26.0
8.0
74.0
97.0
18.0
35.0
72.0
93.0
85.0
66.0
59.0
69.0
39.0
12.0
87.0
47.0
58.0
88.0
96.0
87.0
29.0
73.0
44.0
5.0
30.0
44.0
82.0
77.0
61.0
87.0
93.0
49.0
50.0
9.0
87.0
11.0
38.0
83.0
95.0
87.0
76.0
62.0
87.0
17.0
49.0
93.0
22.0
57.0
35.0
78.0
3.0
20.0
45.0
99.0
3.0
24.0
15.0
17.0
97.0
84.0
97.0
68.0
73.0
32.0
66.0
40.0
91.0
75.0
54.0
21.0
54.0
9.0
72.0
74.0
31.0
99.0
1.0
29.0
64.0
61.0
24.0
45.0
96.0
7.0
32.0
47.0
4.0
87.0
77.0
57.0
58.0
35.0
13.0
89.0
40.0
99.0
80.0
60.0
62.0
71.0
30.0
73.0
25.0
67.0
24.0
7.0
82.0
31.0
93.0
17.0
50.0
51.0
47.0
8.0
33.0
34.0
92.0
13.0
15.0
64.0
3.0
15.0
65.0
38.0
94.0
25.0
30.0
88.0
21.0
73.0
86.0
66.0
95.0
25.0
86.0
77.0
78.0
71.0
68.0
30.0
27.0
78.0
21.0
53.0
69.0
90.0
61.0
83.0
46.0
5.0
58.0
91.0
17.0
60.0
30.0
22.0
42.0
81.0
96.0
4.0
94.0
32.0
42.0
13.0
17.0
38.0
53.0
27.0
12.0
94.0
36.0
77.0
55.0
98.0
87.0
60.0
4.0
40.0
65.0
1.0
78.0
49.0
84.0
4.0
51.0
10.0
56.0
35.0
41.0
57.0
27.0
94.0
27.0
88.0
44.0
96.0
60.0
73.0
32.0
56.0
99.0
12.0
90.0
46.0
3.0
100.0
63.0
45.0
68.0
39.0
84.0
65.0
66.0
28.0
33.0
61.0
72.0
58.0
83.0
68.0
41.0
87.0
78.0
22.0
30.0
75.0
85.0
94.0
49.0
6.0
87.0
47.0
66.0
78.0
18.0
73.0
68.0
9.0
32.0
73.0
71.0
36.0
54.0
14.0
88.0
12.0
44.0
73.0
27.0
16.0
12.0
57.0
47.0
25.0
48.0
41.0
35.0
64.0
24.0
28.0
87.0
33.0
30.0
21.0
53.0
79.0
79.0
91.0
94.0
100.0
66.0
13.0
64.0
69.0
27.0
37.0
14.0
86.0
42.0
38.0
88.0
87.0
48.0
90.0
71.0
11.0
30.0
71.0
77.0
62.0
28.0
87.0
100.0
63.0
23.0
99.0
30.0
26.0
27.0
55.0
94.0
12.0
59.0
35.0
35.0
54.0
99.0
33.0
7.0
84.0
69.0
44.0
70.0
63.0
49.0
86.0
74.0
77.0
60.0
37.0
34.0
7.0
2.0
100.0
88.0
21.0
6.0
8.0
70.0
32.0
98.0
38.0
49.0
71.0
30.0
87.0
82.0
99.0
90.0
33.0
71.0
82.0
26.0
71.0
10.0
66.0
64.0
72.0
53.0
93.0
24.0
81.0
24.0
100.0
20.0
73.0
34.0
83.0
96.0
81.0
20.0
31.0
62.0
4.0
82.0
75.0
93.0
1.0
85.0
89.0