64.0
50.0
33.0
81.0
27.0
2.0
86.0
27.0
13.0
30.0
16.0
56.0
33.0
1.0
11.0
46.0
44.0
53.0
7.0
81.0
72.0
98.0
72.0
89.0
78.0
3.0
47.0
39.0
77.0
21.0
60.0
89.0
28.0
100.0
2.0
30.0
37.0
72.0
5.0
90.0
73.0
14.0
82.0
55.0
64.0
91.0
21.0
61.0
74.0
21.0
85.0
24.0
47.0
44.0
28.0
42.0
8.0
83.0
78.0
94.0
72.0
46.0
67.0
45.0
49.0
76.0
29.0
22.0
34.0
21.0
14.0
11.0
35.0
78.0
76.0
100.0
65.0
89.0
24.0
22.0
96.0
20.0
67.0
1.0
5.0
98.0
63.0
39.0
93.0
16.0
7.0
23.0
100.0
53.0
66.0
11.0
48.0
4.0
62.0
60.0
21.0
26.0
98.0
43.0
72.0
83.0
76.0
71.0
68.0
31.0
83.0
41.0
29.0
28.0
5.0
28.0
94.0
4.0
47.0
94.0
96.0
94.0
41.0
4.0
73.0
89.0
30.0
42.0
39.0
29.0
30.0
8.0
78.0
22.0
61.0
35.0
84.0
89.0
41.0
6.0
34.0
22.0
75.0
79.0
43.0
23.0
4.0
21.0
14.0
30.0
51.0
47.0
50.0
75.0
3.0
30.0
48.0
3.0
46.0
27.0
27.0
72.0
49.0
61.0
42.0
38.0
28.0
61.0
71.0
45.0
8.0
41.0
70.0
32.0
77.0
46.0
92.0
47.0
84.0
96.0
23.0
62.0
79.0
79.0
65.0
81.0
62.0
22.0
11.0
99.0
98.0
19.0
49.0
45.0
77.0
97.0
59.0
33.0
93.0
39.0
65.0
68.0
56.0
66.0
25.0
22.0
87.0
77.0
85.0
12.0
87.0
24.0
75.0
22.0
12.0
35.0
23.0
89.0
54.0
68.0
33.0
62.0
30.0
59.0
21.0
100.0
56.0
88.0
51.0
9.0
100.0
13.0
11.0
18.0
40.0
30.0
100.0
68.0
89.0
83.0
30.0
99.0
71.0
62.0
96.0
62.0
78.0
10.0
77.0
79.0
4.0
5.0
81.0
8.0
68.0
75.0
94.0
60.0
87.0
18.0
22.0
24.0
34.0
40.0
75.0
67.0
73.0
65.0
7.0
57.0
65.0
8.0
62.0
73.0
26.0
89.0
47.0
53.0
67.0
18.0
21.0
54.0
12.0
77.0
71.0
6.0
46.0
36.0
41.0
83.0
24.0
61.0
79.0
54.0
61.0
79.0
60.0
8.0
30.0
69.0
27.0
42.0
72.0
65.0
96.0
100.0
98.0
74.0
79.0
16.0
60.0
15.0
20.0
93.0
34.0
65.0
62.0
68.0
83.0
96.0
5.0
37.0
93.0
96.0
22.0
5.0
75.0
62.0
22.0
22.0
17.0
71.0
30.0
21.0
65.0
39.0
82.0
91.0
21.0
98.0
70.0
27.0
96.0
61.0
68.0
100.0
54.0
67.0
33.0
86.0
87.0
75.0
66.0
29.0
41.0
44.0
29.0
82.0
35.0
34.0
26.0
45.0
23.0
100.0
16.0
28.0
97.0
46.0
38.0
36.0
11.0
31.0
25.0
31.0
33.0
28.0
21.0
28.0
69.0
9.0
75.0
42.0
56.0
27.0
89.0
87.0
44.0
35.0
65.0
23.0
59.0
77.0
63.0
24.0
66.0
47.0
58.0
26.0
29.0
73.0
32.0
30.0
15.0
30.0
26.0
34.0
16.0
19.0
17.0
80.0
30.0
63.0
10.0
69.0
86.0
99.0
62.0
78.0
53.0
85.0
79.0
78.0
11.0
72.0
34.0
45.0
3.0
43.0
17.0
4.0
71.0
75.0
87.0
85.0
14.0
38.0
49.0
10.0
22.0
32.0
71.0
9.0
81.0
83.0
40.0
100.0
24.0
41.0
27.0
27.0
42.0
32.0
99.0
1.0
38.0
86.0
42.0
86.0
50.0
81.0
21.0
83.0
72.0
39.0
86.0
94.0
23.0
12.0
83.0
72.0
80.0
75.0
90.0
12.0
13.0
14.0
100.0
70.0
45.0
32.0
44.0
32.0
71.0
58.0
6.0
49.0
14.0
12.0
21.0
6.0
17.0
42.0
3.0
18.0
20.0
89.0
41.0
84.0
56.0
89.0
19.0
32.0
38.0
82.0
15.0
89.0
4.0
36.0
39.0
69.0
76.0
6.0
44.0
27.0
31.0
47.0
22.0
92.0
29.0
93.0
11.0
73.0
47.0
10.0
89.0
21.0
27.0
49.0
29.0
21.0
3.0
21.0
96.0
28.0
24.0
48.0
4.0
45.0
78.0
30.0
75.0
21.0
43.0
72.0
59.0
61.0
70.0
40.0
33.0
39.0
9.0
17.0
92.0
100.0
28.0
14.0
34.0
46.0
15.0
57.0
68.0
33.0
67.0
64.0
19.0
58.0
40.0
88.0
81.0
26.0
34.0
22.0
56.0
99.0
87.0
51.0
75.0
16.0
35.0
64.0
51.0
97.0
38.0
78.0
44.0
51.0
14.0
59.0
88.0
96.0
44.0
59.0
30.0
34.0
27.0
81.0
40.0
67.0
81.0
57.0
55.0
44.0
60.0
100.0
65.0
12.0
52.0
9.0
42.0
23.0
36.0
73.0
8.0
93.0
77.0
28.0
72.0
92.0
12.0
32.0
20.0
3.0
6.0
83.0
75.0
96.0
58.0
83.0
75.0
4.0
47.0
86.0
64.0
97.0
64.0
10.0
56.0
59.0
17.0
39.0
83.0
39.0
57.0
75.0
82.0
77.0
86.0
41.0
37.0
77.0
75.0
35.0
50.0
88.0
17.0
31.0
80.0
38.0
76.0
81.0
93.0
12.0
99.0
89.0
61.0
27.0
39.0
79.0
14.0
42.0
69.0
26.0
22.0
14.0
80.0
49.0
87.0
81.0
96.0
23.0
64.0
19.0
37.0
68.0
14.0
89.0
33.0
96.0
11.0
43.0
17.0
52.0
27.0
98.0
13.0
75.0
80.0
64.0
87.0
50.0
99.0
73.0
7.0
75.0
62.0
21.0
1.0
86.0
66.0
50.0
89.0
97.0
36.0
74.0
77.0
33.0
42.0
26.0
3.0
15.0
44.0
24.0
15.0
7.0
73.0
75.0
84.0
39.0
87.0
13.0
12.0
51.0
33.0
49.0
62.0
29.0
59.0
19.0
86.0
78.0
28.0
49.0
92.0
14.0
28.0
90.0
38.0
54.0
84.0
21.0
80.0
76.0
14.0
78.0
82.0
82.0
18.0
32.0
28.0
52.0
56.0
9.0
43.0
11.0
3.0
3.0
65.0
63.0
100.0
27.0
33.0
47.0
57.0
51.0
80.0
72.0
98.0
31.0
30.0
91.0
11.0
67.0
98.0
60.0
29.0
9.0
80.0
64.0
23.0
16.0
50.0
5.0
75.0
15.0
46.0
88.0
17.0
18.0
3.0
33.0
34.0
11.0
39.0
59.0
36.0
94.0
68.0
97.0
65.0
68.0
63.0
39.0
48.0
17.0
77.0
49.0
15.0
64.0
82.0
6.0
21.0
62.0
58.0
24.0
5.0
68.0
96.0
32.0
78.0
49.0
50.0
16.0
32.0
11.0
91.0
35.0
37.0
30.0
77.0
53.0
36.0
98.0
79.0
100.0
71.0
73.0
56.0
11.0
82.0
22.0
47.0
28.0
24.0
27.0
87.0
93.0
62.0
40.0
77.0
61.0
25.0
95.0
83.0
71.0
8.0
17.0
71.0
73.0
78.0
18.0
22.0
82.0
44.0
84.0
82.0
67.0
21.0
65.0
31.0
63.0
75.0
51.0
6.0
55.0
28.0
69.0
32.0
61.0
77.0
77.0
96.0
45.0
97.0
78.0
84.0
46.0
28.0
12.0
99.0
76.0
59.0
19.0
3.0
37.0
65.0
15.0
4.0
35.0
12.0
41.0
19.0
67.0
2.0
83.0
19.0
14.0
38.0
54.0
79.0
58.0
43.0
44.0
92.0
71.0
3.0
36.0
70.0
88.0
89.0
54.0
94.0
25.0
92.0
36.0
76.0
90.0
7.0
94.0
25.0
26.0
80.0
16.0
64.0
45.0
30.0
77.0
47.0
78.0
84.0
60.0
1.0
40.0
44.0
47.0
73.0
21.0
32.0
51.0
23.0
61.0
60.0
5.0
78.0
40.0
39.0
22.0
92.0
10.0
49.0
63.0
23.0
51.0
51.0
24.0
16.0
100.0
65.0
33.0
93.0
5.0
95.0
41.0
79.0
91.0
46.0
77.0
31.0
73.0
30.0
14.0
44.0
99.0
30.0
76.0
69.0
14.0
88.0
81.0
30.0
33.0
56.0
21.0
99.0
25.0
68.0
18.0
66.0
89.0
48.0
90.0
7.0
31.0
14.0
76.0
50.0
72.0
72.0
48.0
40.0
63.0
85.0
11.0
30.0
48.0
66.0
85.0
29.0
78.0
7.0
30.0
85.0
86.0
81.0
98.0
42.0
87.0
20.0
34.0
68.0
15.0
32.0
84.0
30.0
89.0
23.0
65.0
45.0
36.0
87.0
94.0
79.0
71.0
81.0
27.0
11.0
30.0
33.0
28.0
94.0
29.0
75.0
6.0
80.0
71.0
91.0
86.0
27.0
91.0
37.0
75.0
21.0
27.0
65.0
41.0
34.0
70.0
78.0
40.0
78.0
74.0
78.0
84.0
92.0
7.0
15.0
16.0
69.0
12.0
56.0
78.0
82.0
19.0
80.0
77.0
24.0
31.0
59.0
54.0
52.0
7.0
3.0
83.0
4.0
75.0
77.0
100.0
19.0
86.0
65.0
41.0
44.0
22.0
86.0
34.0
70.0
73.0
99.0
21.0
67.0
85.0
74.0
98.0
46.0
64.0
35.0
35.0
41.0
82.0
81.0
77.0
46.0
22.0
20.0
76.0
22.0
45.0
96.0
30.0
89.0
75.0
27.0
86.0
17.0
36.0
12.0
17.0
33.0
36.0
1.0
80.0
77.0
96.0
3.0
62.0
37.0
16.0
17.0
14.0
82.0
5.0
47.0
76.0
21.0
66.0
73.0
73.0
6.0
13.0
61.0
19.0
37.0
90.0
91.0
71.0
19.0
20.0
8.0
51.0
24.0
12.0
39.0
77.0
13.0
88.0
48.0
75.0
68.0
41.0
99.0
45.0
41.0
17.0
23.0
64.0
71.0
96.0
61.0
29.0
13.0
55.0
43.0
97.0
26.0
27.0
61.0
62.0
18.0
67.0
3.0
65.0
87.0
82.0
64.0
91.0
36.0
7.0
97.0
13.0
20.0
67.0
72.0
16.0
64.0
24.0
60.0
55.0
68.0
34.0
76.0
96.0
60.0
20.0
100.0
82.0
24.0
21.0
87.0
28.0
13.0
71.0
18.0
77.0
44.0
22.0
6.0
42.0
87.0
24.0
15.0
82.0
32.0
89.0
14.0
97.0
88.0
96.0
25.0
99.0
49.0
65.0
24.0
12.0
90.0
17.0
26.0
3.0
6.0
13.0
75.0
24.0
3.0
71.0
49.0
26.0
91.0
7.0
79.0
86.0
75.0
58.0
100.0
28.0
59.0
29.0
20.0
84.0
77.0
76.0
60.0
96.0
16.0
27.0
60.0
61.0
14.0
56.0
32.0
14.0
40.0
51.0
22.0
91.0
77.0
60.0
68.0
57.0
61.0
4.0
37.0
62.0
65.0
33.0
49.0
56.0
49.0
7.0
40.0
96.0
71.0
26.0
86.0
75.0
94.0
63.0
6.0
71.0
58.0
67.0
30.0
2.0
60.0
73.0
17.0
66.0
21.0
17.0
74.0
43.0
13.0
64.0
69.0
62.0
50.0
4.0
76.0
91.0
81.0
17.0
17.0
96.0
10.0
51.0
5.0
99.0
41.0
63.0
70.0
3.0
89.0
9.0
81.0
23.0
39.0
55.0
63.0
78.0
33.0
11.0
1.0
29.0
71.0
64.0
76.0
56.0
14.0
61.0
1.0
58.0
87.0
8.0
90.0
35.0
16.0
71.0
76.0
56.0
59.0
75.0
89.0
78.0
89.0
90.0
59.0
99.0
23.0
45.0
56.0
5.0
46.0
74.0
19.0
34.0
68.0
16.0
8.0
75.0
82.0
40.0
86.0
98.0
68.0
66.0
57.0
73.0
78.0
99.0
73.0
88.0
17.0
9.0
75.0
91.0
11.0
40.0
28.0
5.0
27.0
48.0
24.0
11.0
92.0
20.0
94.0
58.0
18.0
13.0
40.0
76.0
61.0
21.0
12.0
6.0
15.0
36.0
77.0
69.0
25.0
26.0
87.0
82.0
30.0
3.0
75.0
13.0
62.0
70.0
50.0
99.0
3.0
69.0
44.0
75.0
81.0
6.0
48.0
87.0
27.0
45.0
29.0
71.0
30.0
76.0
91.0
29.0
40.0
81.0
76.0
51.0
74.0
85.0
81.0
9.0
26.0
96.0
62.0
17.0
74.0
39.0
66.0
32.0
78.0
76.0
64.0
1.0
69.0
89.0
42.0
87.0
79.0
78.0
9.0
65.0
97.0
98.0
22.0
54.0
61.0
27.0
24.0
64.0
96.0
5.0
8.0
69.0
86.0
33.0
55.0
63.0
96.0
60.0
20.0
97.0
25.0
78.0
76.0
60.0
29.0
1.0
83.0
98.0
41.0
69.0
11.0
4.0
72.0
72.0
39.0
76.0
47.0
39.0
75.0
66.0
30.0
73.0
65.0
51.0
94.0
24.0
91.0
13.0
75.0
66.0
6.0
78.0
47.0
91.0
35.0
17.0
80.0
83.0
2.0
19.0
92.0
12.0
83.0
97.0
98.0
73.0
89.0
75.0
44.0
73.0
88.0
82.0
11.0
27.0
97.0
71.0
47.0
27.0
35.0
23.0
64.0
13.0
91.0
33.0
91.0
28.0
91.0
13.0
33.0
28.0
28.0
29.0
81.0
93.0
44.0
44.0
99.0
27.0
36.0
23.0
99.0
85.0
75.0
87.0
43.0
87.0
97.0
96.0
69.0
96.0
27.0
61.0
39.0
20.0
21.0
44.0
32.0
44.0
72.0
84.0
12.0
32.0
49.0
35.0
89.0
64.0
22.0
97.0
69.0
62.0
4.0
4.0
54.0
8.0
16.0
5.0
7.0
4.0
57.0
13.0
76.0
36.0
31.0
11.0
39.0
9.0
19.0
22.0
17.0
26.0
12.0
1.0
42.0
36.0
75.0
27.0
44.0
24.0
24.0
17.0
66.0
69.0
17.0
30.0
52.0
61.0
67.0
72.0
58.0
73.0
3.0
1.0
58.0
78.0
23.0
64.0
33.0
20.0
64.0
59.0
19.0
12.0
71.0
42.0
31.0
74.0
26.0
99.0
96.0
63.0
4.0
21.0
48.0
7.0
75.0
74.0
85.0
70.0
86.0
73.0
12.0
73.0
11.0
19.0
45.0
43.0
90.0
11.0
66.0
44.0
8.0
67.0
8.0
82.0
69.0
50.0
42.0
13.0
49.0
93.0
54.0
62.0
65.0
21.0
43.0
39.0
25.0
26.0
73.0
91.0
22.0
83.0
72.0
69.0
78.0
36.0
41.0
96.0
9.0
76.0
88.0
99.0
26.0
67.0
14.0
67.0
85.0
24.0