9.0
33.0
78.0
46.0
58.0
54.0
85.0
88.0
89.0
83.0
83.0
79.0
62.0
28.0
73.0
34.0
99.0
13.0
26.0
84.0
75.0
14.0
49.0
24.0
28.0
92.0
68.0
55.0
22.0
22.0
75.0
51.0
85.0
8.0
79.0
89.0
72.0
46.0
45.0
39.0
36.0
23.0
71.0
28.0
61.0
71.0
33.0
13.0
75.0
68.0
63.0
99.0
1.0
57.0
30.0
82.0
56.0
41.0
1.0
33.0
64.0
5.0
94.0
59.0
30.0
98.0
62.0
45.0
32.0
71.0
81.0
12.0
39.0
67.0
64.0
69.0
76.0
44.0
27.0
26.0
71.0
22.0
67.0
16.0
19.0
25.0
28.0
21.0
94.0
54.0
87.0
45.0
38.0
15.0
48.0
43.0
5.0
17.0
69.0
58.0
19.0
26.0
33.0
25.0
78.0
61.0
27.0
48.0
77.0
61.0
33.0
21.0
69.0
42.0
100.0
92.0
77.0
80.0
68.0
87.0
79.0
48.0
42.0
14.0
45.0
95.0
31.0
11.0
60.0
85.0
32.0
85.0
98.0
9.0
17.0
11.0
8.0
66.0
84.0
97.0
48.0
30.0
71.0
47.0
28.0
44.0
66.0
73.0
98.0
49.0
74.0
43.0
45.0
72.0
3.0
28.0
17.0
98.0
73.0
74.0
99.0
12.0
31.0
78.0
33.0
28.0
82.0
44.0
20.0
84.0
27.0
45.0
45.0
79.0
75.0
49.0
32.0
69.0
17.0
10.0
33.0
96.0
59.0
85.0
14.0
33.0
77.0
21.0
44.0
52.0
17.0
56.0
44.0
16.0
40.0
74.0
64.0
71.0
76.0
86.0
66.0
66.0
41.0
37.0
35.0
73.0
2.0
75.0
91.0
39.0
32.0
29.0
89.0
100.0
100.0
32.0
25.0
31.0
12.0
28.0
4.0
84.0
71.0
3.0
76.0
4.0
97.0
65.0
48.0
57.0
29.0
69.0
27.0
73.0
71.0
41.0
41.0
76.0
20.0
77.0
31.0
21.0
21.0
44.0
40.0
81.0
59.0
17.0
87.0
28.0
50.0
39.0
7.0
78.0
84.0
71.0
45.0
29.0
64.0
45.0
27.0
78.0
88.0
15.0
3.0
86.0
22.0
28.0
93.0
47.0
1.0
31.0
39.0
11.0
8.0
70.0
22.0
26.0
18.0
78.0
72.0
54.0
98.0
84.0
6.0
47.0
61.0
88.0
100.0
97.0
51.0
72.0
48.0
68.0
17.0
100.0
49.0
77.0
60.0
47.0
25.0
96.0
75.0
60.0
100.0
49.0
79.0
78.0
33.0
67.0
96.0
73.0
73.0
72.0
7.0
40.0
29.0
22.0
41.0
8.0
81.0
28.0
91.0
74.0
89.0
91.0
86.0
62.0
45.0
13.0
44.0
24.0
46.0
73.0
41.0
19.0
9.0
68.0
64.0
75.0
51.0
83.0
98.0
31.0
41.0
2.0
38.0
39.0
1.0
32.0
90.0
37.0
89.0
86.0
46.0
63.0
57.0
27.0
76.0
11.0
16.0
61.0
49.0
100.0
10.0
70.0
82.0
3.0
12.0
67.0
58.0
11.0
30.0
5.0
48.0
44.0
83.0
40.0
20.0
98.0
89.0
72.0
92.0
21.0
92.0
35.0
93.0
85.0
40.0
25.0
94.0
99.0
59.0
49.0
36.0
87.0
41.0
3.0
67.0
90.0
19.0
95.0
28.0
86.0
100.0
80.0
98.0
58.0
26.0
34.0
54.0
76.0
76.0
40.0
45.0
90.0
3.0
2.0
39.0
44.0
69.0
62.0
17.0
22.0
53.0
84.0
92.0
62.0
82.0
77.0
17.0
33.0
63.0
42.0
31.0
20.0
47.0
24.0
74.0
92.0
92.0
92.0
51.0
45.0
59.0
33.0
56.0
73.0
8.0
72.0
100.0
6.0
49.0
71.0
60.0
69.0
99.0
77.0
78.0
11.0
79.0
33.0
24.0
48.0
75.0
40.0
74.0
96.0
45.0
75.0
1.0
75.0
15.0
39.0
9.0
16.0
4.0
88.0
87.0
12.0
7.0
4.0
20.0
9.0
30.0
11.0
60.0
13.0
84.0
12.0
11.0
41.0
69.0
49.0
75.0
34.0
84.0
46.0
3.0
76.0
60.0
53.0
34.0
71.0
43.0
44.0
73.0
81.0
71.0
20.0
11.0
74.0
73.0
77.0
26.0
14.0
15.0
68.0
34.0
26.0
20.0
89.0
44.0
14.0
62.0
72.0
8.0
89.0
76.0
15.0
91.0
16.0
1.0
71.0
46.0
79.0
17.0
99.0
4.0
76.0
44.0
71.0
100.0
33.0
87.0
13.0
51.0
89.0
94.0
11.0
98.0
93.0
34.0
17.0
8.0
61.0
27.0
47.0
46.0
86.0
42.0
66.0
78.0
2.0
14.0
65.0
15.0
59.0
84.0
20.0
79.0
64.0
11.0
45.0
97.0
3.0
36.0
40.0
44.0
88.0
40.0
100.0
42.0
30.0
51.0
22.0
66.0
46.0
24.0
64.0
42.0
83.0
99.0
85.0
17.0
84.0
9.0
17.0
71.0
5.0
96.0
38.0
15.0
44.0
8.0
97.0
69.0
78.0
51.0
11.0
38.0
44.0
32.0
44.0
11.0
16.0
11.0
16.0
21.0
41.0
88.0
67.0
97.0
28.0
52.0
33.0
41.0
96.0
53.0
33.0
29.0
98.0
40.0
36.0
45.0
91.0
13.0
43.0
56.0
86.0
34.0
67.0
67.0
57.0
18.0
30.0
2.0
67.0
79.0
31.0
15.0
46.0
69.0
11.0
32.0
73.0
22.0
78.0
16.0
22.0
32.0
17.0
31.0
74.0
97.0
68.0
83.0
14.0
66.0
71.0
48.0
6.0
49.0
5.0
62.0
84.0
96.0
7.0
13.0
53.0
67.0
98.0
61.0
11.0
14.0
17.0
50.0
58.0
28.0
42.0
3.0
94.0
14.0
16.0
28.0
26.0
89.0
49.0
70.0
62.0
3.0
83.0
91.0
81.0
82.0
77.0
33.0
77.0
62.0
22.0
94.0
56.0
64.0
80.0
88.0
80.0
17.0
93.0
77.0
66.0
44.0
62.0
45.0
14.0
6.0
16.0
34.0
90.0
54.0
25.0
74.0
2.0
77.0
7.0
58.0
80.0
80.0
4.0
31.0
87.0
35.0
81.0
66.0
99.0
31.0
47.0
66.0
76.0
46.0
55.0
6.0
39.0
99.0
67.0
14.0
3.0
29.0
40.0
77.0
14.0
42.0
76.0
52.0
31.0
64.0
16.0
32.0
67.0
64.0
4.0
35.0
76.0
87.0
14.0
100.0
61.0
94.0
77.0
57.0
44.0
74.0
83.0
60.0
11.0
70.0
85.0
4.0
11.0
72.0
45.0
44.0
5.0
16.0
65.0
44.0
12.0
72.0
93.0
98.0
36.0
5.0
20.0
32.0
69.0
62.0
71.0
15.0
19.0
3.0
15.0
20.0
33.0
26.0
55.0
72.0
56.0
64.0
73.0
77.0
44.0
17.0
16.0
67.0
59.0
14.0
85.0
81.0
49.0
24.0
27.0
100.0
62.0
14.0
96.0
69.0
79.0
30.0
62.0
26.0
70.0
82.0
65.0
89.0
35.0
52.0
77.0
72.0
77.0
22.0
82.0
51.0
64.0
22.0
98.0
32.0
31.0
47.0
5.0
27.0
73.0
31.0
82.0
59.0
39.0
58.0
27.0
42.0
71.0
62.0
60.0
14.0
11.0
71.0
37.0
40.0
92.0
10.0
14.0
27.0
56.0
99.0
4.0
42.0
54.0
1.0
22.0
17.0
69.0
92.0
24.0
35.0
37.0
20.0
29.0
44.0
82.0
42.0
54.0
41.0
6.0
20.0
87.0
83.0
87.0
2.0
85.0
100.0
88.0
19.0
76.0
89.0
59.0
43.0
6.0
80.0
21.0
39.0
96.0
83.0
11.0
14.0
87.0
31.0
44.0
19.0
65.0
68.0
99.0
78.0
13.0
98.0
7.0
76.0
12.0
78.0
86.0
83.0
84.0
71.0
11.0
98.0
44.0
95.0
95.0
18.0
79.0
99.0
27.0
77.0
3.0
9.0
35.0
81.0
15.0
19.0
96.0
40.0
42.0
75.0
16.0
72.0
7.0
8.0
29.0
43.0
66.0
92.0
21.0
41.0
76.0
68.0
35.0
67.0
21.0
66.0
17.0
61.0
72.0
21.0
89.0
21.0
23.0
85.0
55.0
30.0
67.0
96.0
46.0
37.0
15.0
97.0
92.0
11.0
71.0
87.0
94.0
99.0
3.0
88.0
35.0
81.0
72.0
56.0
14.0
77.0
87.0
96.0
55.0
20.0
53.0
4.0
83.0
47.0
70.0
13.0
60.0
47.0
43.0
36.0
27.0
16.0
21.0
46.0
67.0
49.0
60.0
73.0
23.0
87.0
87.0
3.0
98.0
53.0
69.0
1.0
78.0
66.0
77.0
98.0
59.0
5.0
74.0
4.0
79.0
11.0
20.0
83.0
51.0
41.0
94.0
23.0
98.0
25.0
92.0
33.0
25.0
65.0
15.0
83.0
45.0
47.0
56.0
87.0
84.0
32.0
35.0
51.0
41.0
31.0
16.0
67.0
98.0
46.0
26.0
26.0
54.0
43.0
71.0
94.0
11.0
81.0
72.0
2.0
62.0
7.0
77.0
90.0
78.0
89.0
28.0
71.0
3.0
44.0
26.0
76.0
11.0
82.0
57.0
78.0
18.0
28.0
80.0
35.0
76.0
100.0
35.0
9.0
19.0
92.0
3.0
22.0
81.0
56.0
97.0
9.0
29.0
21.0
14.0
76.0
98.0
75.0
95.0
99.0
34.0
46.0
56.0
36.0
28.0
83.0
86.0
15.0
31.0
35.0
55.0
99.0
36.0
26.0
68.0
26.0
50.0
84.0
21.0
74.0
70.0
88.0
86.0
56.0
8.0
98.0
59.0
89.0
70.0
34.0
5.0
4.0
44.0
82.0
79.0
18.0
83.0
27.0
41.0
83.0
38.0
17.0
30.0
69.0
41.0
71.0
65.0
37.0
11.0
75.0
85.0
93.0
36.0
97.0
19.0
13.0
64.0
1.0
34.0
96.0
31.0
14.0
82.0
19.0
6.0
42.0
77.0
40.0
5.0
51.0
39.0
33.0
84.0
45.0
87.0
89.0
12.0
3.0
26.0
36.0
100.0
77.0
77.0
52.0
4.0
87.0
29.0
16.0
83.0
31.0
28.0
23.0
22.0
69.0
21.0
48.0
31.0
60.0
84.0
50.0
85.0
63.0
52.0
54.0
89.0
15.0
73.0
11.0
40.0
1.0
46.0
8.0
49.0
55.0
79.0
11.0
14.0
56.0
67.0
29.0
88.0
9.0
84.0
3.0
92.0
65.0
72.0
47.0
1.0
64.0
76.0
20.0
73.0
64.0
18.0
97.0
13.0
19.0
64.0
45.0
5.0
61.0
76.0
84.0
29.0
39.0
8.0
49.0
61.0
1.0
73.0
47.0
68.0
77.0
98.0
98.0
86.0
20.0
89.0
78.0
66.0
69.0
45.0
30.0
19.0
11.0
19.0
67.0
7.0
24.0
98.0
94.0
23.0
97.0
99.0
78.0
62.0
17.0
51.0
12.0
9.0
49.0
83.0
100.0
22.0
97.0
82.0
78.0
27.0
23.0
34.0
3.0
82.0
12.0
87.0
4.0
72.0
26.0
73.0
62.0
15.0
16.0
43.0
91.0
46.0
75.0
53.0
8.0
1.0
52.0
1.0
72.0
56.0
33.0
95.0
78.0
13.0
15.0
72.0
48.0
89.0
89.0
80.0
44.0
65.0
14.0
63.0
62.0
37.0
6.0
87.0
4.0
11.0
7.0
56.0
21.0
16.0
71.0
34.0
87.0
76.0
14.0
15.0
12.0
4.0
84.0
47.0
2.0
49.0
12.0
68.0
30.0
77.0
38.0
50.0
83.0
37.0
78.0
81.0
78.0
64.0
75.0
41.0
71.0
49.0
11.0
35.0
62.0
42.0
98.0
29.0
29.0
94.0
41.0
34.0
14.0
71.0
28.0
17.0
81.0
47.0
74.0
9.0
82.0
13.0
20.0
33.0
11.0
27.0
21.0
11.0
78.0
97.0
89.0
30.0
28.0
100.0
35.0
24.0
71.0
43.0
4.0
67.0
46.0
73.0
62.0
33.0
68.0
73.0
14.0
16.0
86.0
78.0
62.0
86.0
26.0
63.0
16.0
3.0
42.0
71.0
97.0
31.0
11.0
26.0
31.0
12.0
92.0
46.0
98.0
40.0
87.0
41.0
3.0
13.0
62.0
30.0
33.0
27.0
92.0
11.0
8.0
54.0
3.0
73.0
82.0
31.0
54.0
17.0
89.0
10.0
40.0
33.0
32.0
80.0
59.0
25.0
87.0
82.0
96.0
80.0
21.0
36.0
96.0
77.0
13.0
45.0
93.0
40.0
51.0
69.0
98.0
73.0
6.0
32.0
5.0
56.0