46.0
34.0
13.0
62.0
13.0
57.0
20.0
63.0
65.0
51.0
89.0
46.0
98.0
38.0
90.0
37.0
71.0
13.0
15.0
84.0
14.0
4.0
78.0
3.0
86.0
73.0
94.0
48.0
26.0
77.0
54.0
21.0
20.0
98.0
8.0
86.0
33.0
1.0
18.0
74.0
77.0
78.0
82.0
36.0
77.0
50.0
73.0
42.0
82.0
51.0
25.0
26.0
78.0
75.0
39.0
28.0
69.0
58.0
92.0
62.0
49.0
41.0
69.0
65.0
81.0
30.0
91.0
21.0
69.0
76.0
20.0
49.0
65.0
51.0
39.0
45.0
17.0
23.0
11.0
44.0
11.0
96.0
30.0
66.0
40.0
26.0
14.0
59.0
75.0
58.0
97.0
40.0
63.0
44.0
9.0
22.0
96.0
67.0
68.0
12.0
39.0
81.0
38.0
16.0
27.0
65.0
48.0
78.0
23.0
21.0
74.0
77.0
97.0
100.0
14.0
59.0
25.0
30.0
1.0
40.0
30.0
19.0
44.0
89.0
1.0
73.0
93.0
67.0
72.0
67.0
56.0
49.0
46.0
82.0
30.0
38.0
13.0
49.0
16.0
68.0
44.0
60.0
65.0
72.0
42.0
56.0
26.0
60.0
86.0
24.0
56.0
4.0
78.0
84.0
78.0
31.0
12.0
89.0
99.0
59.0
50.0
32.0
26.0
70.0
22.0
57.0
23.0
77.0
22.0
79.0
100.0
70.0
19.0
22.0
6.0
1.0
23.0
31.0
31.0
90.0
90.0
54.0
6.0
64.0
74.0
77.0
73.0
26.0
3.0
35.0
33.0
17.0
44.0
13.0
45.0
69.0
19.0
84.0
78.0
85.0
79.0
23.0
17.0
54.0
74.0
97.0
61.0
58.0
62.0
96.0
9.0
3.0
51.0
65.0
64.0
50.0
27.0
42.0
64.0
50.0
75.0
40.0
77.0
11.0
14.0
75.0
49.0
25.0
40.0
60.0
83.0
55.0
46.0
45.0
24.0
27.0
14.0
81.0
62.0
75.0
42.0
69.0
84.0
32.0
45.0
27.0
72.0
13.0
44.0
56.0
71.0
96.0
84.0
61.0
97.0
11.0
44.0
36.0
56.0
100.0
89.0
61.0
11.0
37.0
1.0
6.0
78.0
54.0
44.0
88.0
56.0
56.0
16.0
57.0
12.0
72.0
77.0
46.0
48.0
66.0
36.0
86.0
57.0
12.0
92.0
89.0
77.0
69.0
28.0
93.0
12.0
77.0
71.0
51.0
80.0
25.0
100.0
92.0
30.0
77.0
27.0
20.0
84.0
85.0
38.0
14.0
31.0
6.0
46.0
14.0
18.0
97.0
87.0
20.0
77.0
7.0
68.0
64.0
29.0
82.0
44.0
84.0
42.0
83.0
77.0
24.0
22.0
34.0
96.0
93.0
26.0
99.0
40.0
49.0
61.0
73.0
6.0
96.0
79.0
42.0
5.0
7.0
22.0
83.0
87.0
83.0
77.0
19.0
73.0
83.0
43.0
19.0
68.0
89.0
14.0
51.0
46.0
61.0
73.0
49.0
31.0
75.0
16.0
87.0
41.0
45.0
11.0
61.0
59.0
40.0
51.0
31.0
56.0
56.0
98.0
77.0
11.0
75.0
11.0
18.0
75.0
73.0
47.0
20.0
31.0
82.0
12.0
6.0
73.0
12.0
73.0
87.0
50.0
78.0
89.0
33.0
54.0
68.0
63.0
42.0
85.0
2.0
97.0
32.0
30.0
27.0
62.0
100.0
94.0
4.0
13.0
66.0
23.0
79.0
4.0
71.0
71.0
4.0
44.0
49.0
45.0
69.0
5.0
62.0
78.0
62.0
65.0
53.0
16.0
86.0
93.0
27.0
23.0
30.0
8.0
16.0
11.0
30.0
72.0
57.0
51.0
31.0
51.0
93.0
12.0
87.0
63.0
97.0
94.0
21.0
2.0
30.0
65.0
11.0
51.0
92.0
96.0
87.0
27.0
70.0
1.0
21.0
68.0
37.0
5.0
12.0
87.0
45.0
4.0
39.0
30.0
3.0
60.0
82.0
39.0
95.0
75.0
64.0
42.0
8.0
57.0
42.0
62.0
41.0
60.0
26.0
73.0
32.0
69.0
77.0
41.0
87.0
18.0
61.0
62.0
34.0
22.0
81.0
41.0
73.0
31.0
17.0
25.0
33.0
73.0
51.0
56.0
96.0
4.0
80.0
93.0
94.0
5.0
73.0
3.0
2.0
75.0
51.0
83.0
32.0
83.0
64.0
78.0
99.0
70.0
95.0
36.0
28.0
84.0
94.0
5.0
85.0
57.0
36.0
33.0
81.0
17.0
71.0
79.0
89.0
64.0
46.0
82.0
23.0
6.0
86.0
40.0
24.0
23.0
67.0
86.0
19.0
99.0
39.0
31.0
84.0
5.0
40.0
21.0
62.0
33.0
88.0
18.0
28.0
86.0
13.0
2.0
31.0
28.0
30.0
80.0
78.0
32.0
31.0
53.0
17.0
3.0
52.0
57.0
16.0
15.0
45.0
23.0
83.0
53.0
85.0
75.0
77.0
88.0
45.0
69.0
62.0
83.0
15.0
9.0
76.0
33.0
72.0
34.0
26.0
9.0
52.0
4.0
22.0
15.0
51.0
55.0
10.0
19.0
32.0
73.0
27.0
75.0
11.0
34.0
100.0
23.0
89.0
7.0
43.0
56.0
5.0
87.0
54.0
78.0
82.0
21.0
62.0
2.0
69.0
94.0
49.0
74.0
48.0
30.0
13.0
33.0
22.0
14.0
50.0
29.0
29.0
4.0
33.0
45.0
18.0
65.0
98.0
70.0
13.0
72.0
49.0
33.0
49.0
14.0
30.0
72.0
9.0
36.0
4.0
25.0
21.0
49.0
64.0
62.0
33.0
8.0
72.0
75.0
48.0
36.0
41.0
29.0
87.0
26.0
42.0
17.0
76.0
54.0
16.0
39.0
92.0
13.0
15.0
27.0
96.0
12.0
98.0
96.0
64.0
35.0
16.0
100.0
8.0
83.0
50.0
59.0
18.0
54.0
25.0
29.0
83.0
19.0
92.0
53.0
65.0
43.0
82.0
78.0
50.0
30.0
76.0
17.0
97.0
88.0
23.0
19.0
89.0
11.0
51.0
94.0
91.0
83.0
72.0
62.0
39.0
89.0
33.0
64.0
69.0
86.0
75.0
39.0
28.0
95.0
8.0
1.0
10.0
46.0
4.0
100.0
45.0
73.0
18.0
25.0
21.0
40.0
41.0
84.0
68.0
22.0
91.0
72.0
33.0
41.0
29.0
34.0
28.0
64.0
42.0
57.0
30.0
69.0
75.0
17.0
94.0
91.0
39.0
53.0
64.0
17.0
75.0
23.0
26.0
62.0
45.0
14.0
72.0
49.0
72.0
20.0
71.0
61.0
77.0
63.0
76.0
77.0
17.0
97.0
14.0
37.0
66.0
96.0
44.0
71.0
16.0
65.0
30.0
17.0
28.0
87.0
24.0
15.0
77.0
21.0
44.0
8.0
62.0
25.0
74.0
62.0
41.0
75.0
77.0
3.0
37.0
20.0
45.0
32.0
13.0
33.0
93.0
35.0
1.0
37.0
72.0
86.0
41.0
67.0
87.0
44.0
92.0
75.0
80.0
34.0
94.0
29.0
96.0
62.0
77.0
84.0
96.0
78.0
21.0
85.0
40.0
48.0
59.0
14.0
33.0
25.0
99.0
29.0
14.0
12.0
22.0
51.0
97.0
23.0
62.0
29.0
66.0
14.0
83.0
33.0
85.0
87.0
69.0
4.0
33.0
77.0
68.0
9.0
82.0
11.0
24.0
13.0
78.0
94.0
39.0
24.0
6.0
48.0
48.0
12.0
37.0
64.0
47.0
21.0
12.0
72.0
65.0
69.0
99.0
98.0
8.0
65.0
63.0
11.0
77.0
60.0
69.0
12.0
49.0
12.0
68.0
3.0
88.0
77.0
60.0
45.0
86.0
94.0
31.0
77.0
80.0
77.0
84.0
17.0
64.0
96.0
33.0
28.0
60.0
62.0
68.0
62.0
87.0
30.0
26.0
41.0
12.0
14.0
65.0
32.0
38.0
86.0
13.0
92.0
7.0
25.0
72.0
97.0
27.0
51.0
80.0
77.0
98.0
66.0
49.0
53.0
27.0
31.0
17.0
85.0
19.0
72.0
87.0
75.0
93.0
56.0
72.0
62.0
53.0
44.0
47.0
49.0
22.0
4.0
67.0
9.0
92.0
47.0
100.0
24.0
27.0
97.0
67.0
57.0
93.0
88.0
73.0
45.0
64.0
97.0
96.0
35.0
7.0
10.0
85.0
87.0
81.0
10.0
36.0
16.0
30.0
68.0
41.0
27.0
91.0
86.0
11.0
86.0
48.0
18.0
77.0
97.0
60.0
59.0
5.0
21.0
31.0
3.0
71.0
29.0
71.0
13.0
49.0
68.0
72.0
60.0
73.0
14.0
72.0
82.0
20.0
36.0
23.0
6.0
61.0
77.0
5.0
27.0
64.0
89.0
16.0
29.0
29.0
78.0
64.0
14.0
81.0
46.0
14.0
50.0
20.0
32.0
83.0
58.0
58.0
39.0
82.0
54.0
56.0
60.0
17.0
64.0
73.0
21.0
74.0
86.0
90.0
24.0
13.0
66.0
81.0
61.0
89.0
85.0
48.0
9.0
97.0
17.0
4.0
7.0
52.0
17.0
89.0
41.0
83.0
69.0
38.0
24.0
71.0
85.0
65.0
82.0
88.0
1.0
76.0
86.0
47.0
83.0
13.0
52.0
78.0
28.0
12.0
42.0
82.0
43.0
86.0
49.0
29.0
12.0
42.0
81.0
65.0
22.0
48.0
90.0
31.0
79.0
4.0
55.0
59.0
91.0
84.0
11.0
12.0
83.0
66.0
68.0
38.0
12.0
20.0
15.0
35.0
14.0
73.0
69.0
72.0
1.0
46.0
23.0
65.0
83.0
27.0
39.0
14.0
30.0
65.0
85.0
29.0
11.0
45.0
39.0
69.0
44.0
56.0
44.0
62.0
94.0
39.0
87.0
49.0
11.0
97.0
56.0
2.0
32.0
44.0
62.0
72.0
79.0
73.0
80.0
99.0
15.0
77.0
26.0
81.0
25.0
69.0
54.0
40.0
56.0
61.0
47.0
60.0
97.0
50.0
64.0
29.0
23.0
19.0
75.0
37.0
90.0
32.0
12.0
81.0
35.0
81.0
48.0
15.0
89.0
56.0
75.0
91.0
85.0
4.0
21.0
13.0
73.0
57.0
49.0
59.0
89.0
23.0
89.0
56.0
1.0
13.0
31.0
54.0
71.0
83.0
17.0
97.0
45.0
89.0
4.0
32.0
31.0
42.0
20.0
77.0
30.0
98.0
40.0
1.0
7.0
92.0
40.0
48.0
61.0
84.0
75.0
73.0
22.0
17.0
66.0
14.0
20.0
71.0
23.0
84.0
100.0
23.0