42.0
97.0
56.0
3.0
29.0
61.0
77.0
11.0
41.0
67.0
17.0
12.0
52.0
57.0
16.0
30.0
36.0
100.0
81.0
89.0
64.0
68.0
4.0
60.0
82.0
93.0
40.0
29.0
3.0
23.0
61.0
60.0
71.0
77.0
11.0
26.0
26.0
62.0
77.0
28.0
32.0
44.0
97.0
61.0
39.0
62.0
72.0
14.0
19.0
76.0
47.0
9.0
100.0
91.0
17.0
70.0
30.0
83.0
16.0
34.0
96.0
13.0
82.0
3.0
11.0
51.0
11.0
86.0
18.0
16.0
64.0
37.0
30.0
87.0
73.0
51.0
87.0
45.0
67.0
14.0
94.0
55.0
69.0
10.0
70.0
86.0
85.0
24.0
44.0
41.0
39.0
55.0
12.0
36.0
11.0
30.0
8.0
88.0
84.0
40.0
73.0
27.0
97.0
15.0
83.0
92.0
24.0
79.0
29.0
32.0
7.0
4.0
14.0
95.0
71.0
54.0
73.0
64.0
19.0
46.0
87.0
12.0
68.0
20.0
77.0
23.0
78.0
97.0
57.0
98.0
64.0
78.0
78.0
60.0
50.0
75.0
6.0
25.0
59.0
94.0
33.0
22.0
49.0
56.0
61.0
49.0
92.0
88.0
76.0
45.0
18.0
46.0
91.0
69.0
100.0
12.0
7.0
62.0
34.0
22.0
35.0
79.0
94.0
66.0
84.0
96.0
63.0
11.0
13.0
94.0
32.0
72.0
26.0
44.0
83.0
66.0
37.0
94.0
49.0
47.0
60.0
41.0
87.0
22.0
94.0
33.0
10.0
89.0
33.0
73.0
98.0
15.0
13.0
12.0
11.0
43.0
31.0
23.0
70.0
84.0
31.0
27.0
29.0
50.0
21.0
76.0
25.0
96.0
54.0
41.0
47.0
32.0
51.0
53.0
91.0
81.0
84.0
1.0
16.0
31.0
18.0
3.0
6.0
64.0
65.0
4.0
84.0
73.0
81.0
14.0
99.0
7.0
96.0
65.0
14.0
86.0
30.0
3.0
14.0
77.0
30.0
25.0
74.0
65.0
62.0
92.0
13.0
82.0
13.0
54.0
26.0
51.0
22.0
17.0
57.0
83.0
15.0
58.0
26.0
84.0
75.0
60.0
36.0
85.0
83.0
61.0
77.0
13.0
83.0
67.0
38.0
26.0
40.0
36.0
53.0
76.0
16.0
70.0
11.0
69.0
89.0
94.0
66.0
9.0
60.0
47.0
19.0
47.0
73.0
4.0
8.0
77.0
9.0
51.0
42.0
41.0
13.0
13.0
8.0
41.0
75.0
14.0
97.0
46.0
83.0
20.0
4.0
81.0
39.0
91.0
75.0
62.0
81.0
33.0
59.0
87.0
48.0
6.0
62.0
61.0
26.0
11.0
83.0
76.0
52.0
25.0
6.0
18.0
30.0
64.0
97.0
21.0
56.0
82.0
75.0
44.0
27.0
62.0
44.0
35.0
4.0
76.0
69.0
93.0
79.0
17.0
4.0
60.0
33.0
74.0
32.0
19.0
10.0
31.0
4.0
79.0
11.0
89.0
98.0
91.0
86.0
85.0
20.0
92.0
42.0
83.0
30.0
75.0
46.0
47.0
49.0
62.0
87.0
97.0
20.0
62.0
78.0
89.0
75.0
10.0
47.0
69.0
78.0
83.0
11.0
96.0
24.0
93.0
42.0
86.0
97.0
60.0
17.0
73.0
17.0
22.0
75.0
29.0
47.0
50.0
69.0
40.0
25.0
12.0
12.0
47.0
43.0
47.0
81.0
87.0
13.0
55.0
59.0
62.0
64.0
58.0
96.0
32.0
38.0
80.0
22.0
29.0
2.0
87.0
28.0
42.0
22.0
73.0
87.0
9.0
67.0
88.0
64.0
12.0
89.0
5.0
13.0
53.0
75.0
48.0
88.0
66.0
16.0
57.0
35.0
23.0
83.0
7.0
87.0
22.0
67.0
14.0
32.0
44.0
72.0
2.0
18.0
72.0
1.0
24.0
71.0
48.0
27.0
57.0
72.0
85.0
55.0
90.0
72.0
39.0
5.0
11.0
88.0
19.0
89.0
62.0
58.0
64.0
20.0
86.0
8.0
60.0
81.0
75.0
21.0
45.0
74.0
1.0
73.0
87.0
32.0
28.0
39.0
8.0
73.0
35.0
65.0
39.0
53.0
71.0
96.0
21.0
49.0
75.0
7.0
3.0
6.0
87.0
49.0
72.0
42.0
44.0
62.0
73.0
99.0
15.0
33.0
47.0
86.0
85.0
91.0
8.0
67.0
20.0
33.0
69.0
52.0
14.0
3.0
86.0
15.0
34.0
24.0
17.0
69.0
40.0
92.0
65.0
17.0
35.0
73.0
97.0
15.0
28.0
93.0
86.0
28.0
3.0
74.0
16.0
21.0
26.0
17.0
33.0
4.0
69.0
13.0
47.0
3.0
87.0
8.0
81.0
97.0
45.0
33.0
59.0
22.0
99.0
25.0
28.0
7.0
42.0
75.0
87.0
69.0
86.0
14.0
70.0
82.0
87.0
30.0
14.0
17.0
14.0
48.0
72.0
98.0
4.0
97.0
71.0
74.0
95.0
52.0
5.0
32.0
23.0
33.0
23.0
45.0
35.0
85.0
51.0
28.0
55.0
3.0
93.0
49.0
7.0
54.0
97.0
24.0
24.0
91.0
21.0
30.0
69.0
21.0
9.0
75.0
69.0
26.0
3.0
32.0
11.0
7.0
34.0
31.0
36.0
27.0
62.0
72.0
75.0
99.0
75.0
49.0
53.0
13.0
14.0
28.0
59.0
17.0
68.0
56.0
29.0
9.0
58.0
14.0
73.0
100.0
96.0
71.0
97.0
62.0
60.0
84.0
61.0
47.0
100.0
75.0
28.0
69.0
56.0
3.0
13.0
92.0
99.0
18.0
23.0
84.0
75.0
69.0
89.0
37.0
13.0
12.0
78.0
90.0
100.0
64.0
60.0
97.0
2.0
78.0
77.0
35.0
68.0
27.0
27.0
88.0
23.0
82.0
77.0
64.0
23.0
72.0
15.0
44.0
14.0
84.0
22.0
17.0
28.0
71.0
17.0
31.0
22.0
69.0
61.0
21.0
39.0
39.0
22.0
69.0
41.0
21.0
13.0
98.0
90.0
74.0
99.0
12.0
43.0
1.0
60.0
51.0
21.0
81.0
42.0
21.0
12.0
97.0
23.0
47.0
80.0
69.0
89.0
88.0
100.0
98.0
86.0
32.0
40.0
21.0
2.0
76.0
83.0
40.0
34.0
33.0
83.0
65.0
64.0
54.0
12.0
92.0
56.0
80.0
99.0
9.0
73.0
17.0
68.0
73.0
78.0
58.0
96.0
1.0
76.0
91.0
49.0
20.0
85.0
1.0
77.0
79.0
59.0
6.0
97.0
44.0
32.0
14.0
20.0
98.0
61.0
32.0
13.0
93.0
92.0
68.0
3.0
89.0
59.0
84.0
97.0
89.0
73.0
59.0
74.0
42.0
96.0
90.0
80.0
55.0
3.0
21.0
92.0
23.0
91.0
61.0
89.0
71.0
45.0
69.0
54.0
14.0
72.0
81.0
41.0
24.0
22.0
17.0
23.0
65.0
23.0
3.0
22.0
64.0
54.0
76.0
77.0
39.0
15.0
42.0
41.0
10.0
14.0
73.0
47.0
70.0
29.0
57.0
41.0
50.0
15.0
4.0
3.0
39.0
21.0
11.0
78.0
51.0
64.0
37.0
93.0
9.0
57.0
98.0
7.0
82.0
72.0
81.0
8.0
26.0
30.0
89.0
87.0
31.0
30.0
70.0
28.0
71.0
41.0
32.0
77.0
92.0
68.0
9.0
41.0
93.0
79.0
28.0
4.0
26.0
22.0
1.0
11.0
50.0
6.0
13.0
38.0
64.0
84.0
85.0
97.0
6.0
83.0
5.0
64.0
50.0
3.0
10.0
97.0
3.0
6.0
10.0
72.0
96.0
73.0
22.0
2.0
86.0
67.0
7.0
28.0
84.0
15.0
27.0
21.0
79.0
92.0
70.0
25.0
17.0
34.0
38.0
73.0
14.0
8.0
56.0
32.0
52.0
44.0
56.0
83.0
91.0
9.0
79.0
83.0
75.0
61.0
77.0
74.0
75.0
73.0
98.0
14.0
31.0
69.0
99.0
79.0
8.0
84.0
47.0
22.0
36.0
25.0
11.0
8.0
77.0
77.0
6.0
97.0
96.0
77.0
56.0
62.0
50.0
75.0
83.0
32.0
49.0
41.0
11.0
70.0
72.0
23.0
98.0
27.0
22.0
3.0
53.0
23.0
71.0
86.0
28.0
22.0
22.0
49.0
61.0
89.0
3.0
14.0
65.0
31.0
27.0
29.0
25.0
40.0
86.0
96.0
3.0
41.0
92.0
12.0
15.0
76.0
81.0
78.0
73.0
6.0
73.0
46.0
62.0
20.0
33.0
45.0
26.0
64.0
24.0
6.0
33.0
20.0
61.0
92.0
11.0
86.0
81.0
56.0
39.0
91.0
99.0
26.0
25.0
30.0
13.0
69.0
22.0
72.0
92.0
27.0
25.0
45.0
64.0
42.0
73.0
66.0
40.0
72.0
87.0
68.0
1.0
93.0
31.0
61.0
21.0
91.0
87.0
47.0
89.0
98.0
77.0
31.0
7.0
45.0
12.0
88.0
76.0
11.0
78.0
54.0
80.0
27.0
59.0
53.0
45.0
49.0
79.0
13.0
59.0
99.0
75.0
27.0
64.0
58.0
51.0
55.0
3.0
38.0
48.0
17.0
30.0
44.0
30.0
68.0
11.0
71.0
81.0
51.0
62.0
52.0
52.0
43.0
57.0
67.0
84.0
70.0
14.0
44.0
55.0
12.0
72.0
41.0
31.0
84.0
82.0
56.0
26.0
100.0
86.0
62.0
69.0
4.0
64.0
86.0
83.0
88.0
64.0
98.0
79.0
35.0
99.0
71.0
68.0
84.0
75.0
47.0
81.0
59.0
13.0
23.0
11.0
13.0
31.0
60.0
56.0
35.0
8.0
29.0
53.0
23.0
99.0
35.0
90.0
89.0
80.0
51.0
14.0
89.0
15.0
67.0
21.0
81.0
3.0
51.0
62.0
4.0
32.0
39.0
17.0
28.0
97.0
44.0
11.0
23.0
23.0
56.0
100.0
69.0
24.0
32.0
24.0
77.0
40.0
13.0
11.0
5.0
67.0
28.0
30.0
21.0
67.0
12.0
46.0
57.0
65.0
72.0
100.0
35.0
75.0
75.0
98.0
41.0
82.0
45.0
74.0
57.0
57.0
38.0
31.0
72.0
41.0
52.0
26.0
6.0
43.0
30.0
61.0
73.0
72.0
48.0
64.0
87.0
13.0
45.0
43.0
9.0
64.0
43.0
62.0
40.0
96.0
75.0
4.0
45.0
92.0
48.0
13.0
74.0
23.0
30.0
83.0
44.0
83.0
39.0
87.0
11.0
41.0
41.0
65.0
4.0
45.0
5.0
74.0
54.0
26.0
3.0
97.0
35.0
66.0
27.0
4.0
10.0
64.0
1.0
75.0
84.0
42.0
4.0
17.0
44.0
75.0
40.0
75.0
39.0
35.0
24.0
32.0
67.0
91.0
4.0
51.0
77.0
88.0
100.0
12.0
45.0
42.0
98.0
5.0
48.0
35.0
42.0
12.0
25.0
97.0
45.0
52.0
1.0
52.0
16.0
75.0
25.0
22.0
86.0
68.0
78.0
72.0
94.0
82.0
49.0
74.0
15.0
97.0
58.0
51.0
45.0
68.0
12.0
19.0
63.0
67.0
92.0
98.0
75.0
39.0
98.0
76.0
78.0
87.0
85.0
47.0
69.0
63.0
88.0
30.0
76.0
26.0
8.0
61.0
65.0
52.0
71.0
26.0
47.0
64.0
96.0
27.0
85.0
35.0
30.0
19.0
97.0
69.0
82.0
68.0
15.0
97.0
69.0
86.0
69.0
30.0
86.0
12.0
39.0
98.0
77.0
72.0
37.0
23.0
98.0
26.0
62.0
73.0
86.0
52.0
86.0
77.0
23.0
14.0
96.0
28.0
34.0
100.0
77.0
14.0
84.0
2.0
1.0
34.0
27.0
19.0
77.0
43.0
28.0
70.0
94.0
26.0
24.0
48.0
19.0
47.0
35.0
4.0
41.0
43.0
33.0
36.0
56.0
19.0
82.0
14.0
82.0
83.0
66.0
86.0
5.0
62.0
35.0
71.0
28.0
7.0
71.0
25.0
19.0
74.0
27.0
17.0
30.0
13.0
97.0
34.0
13.0
86.0
32.0
98.0
12.0
18.0
15.0
37.0
11.0
24.0
72.0
15.0
97.0
65.0
54.0
3.0
22.0
73.0
78.0
16.0
94.0
89.0
47.0
77.0
72.0
71.0
25.0
98.0
32.0
75.0
85.0
75.0
16.0
100.0
13.0
74.0
99.0
66.0
99.0
99.0
89.0
24.0
41.0
35.0
5.0
29.0
18.0
28.0
88.0
31.0
98.0
88.0
17.0
84.0
44.0
7.0
2.0
73.0
71.0
72.0
27.0
76.0
35.0
89.0
33.0
21.0
92.0
27.0
78.0
58.0
70.0
67.0
64.0
20.0
69.0
90.0
47.0
75.0
77.0
21.0
88.0
9.0
37.0
45.0
61.0
46.0
84.0
21.0
50.0
66.0
99.0
98.0
35.0
28.0
99.0
23.0
35.0
1.0
19.0
65.0
13.0
7.0
57.0
6.0
64.0
85.0
32.0
76.0
50.0
68.0
26.0
83.0
73.0
32.0
25.0
22.0
40.0
20.0
14.0
41.0
73.0
44.0
64.0
75.0
93.0
16.0
14.0
64.0
28.0
5.0
100.0
82.0
62.0
89.0
71.0
44.0
89.0
91.0
7.0
84.0
28.0
63.0
78.0
78.0
45.0
49.0
56.0
72.0
72.0
14.0
76.0
20.0
2.0
11.0
60.0
13.0
16.0
27.0
94.0
6.0
86.0
48.0
27.0
78.0
88.0
75.0
89.0
80.0
14.0
65.0
77.0
6.0
3.0
97.0
40.0
16.0
7.0
91.0
31.0
27.0
29.0
44.0
98.0
78.0
97.0
24.0
79.0
24.0
19.0
11.0
87.0
72.0
52.0
44.0
83.0
34.0
65.0
99.0
38.0
58.0
90.0
6.0
62.0
3.0
44.0
23.0
19.0
64.0
33.0
42.0
77.0
1.0
64.0
78.0
7.0
72.0
45.0
2.0
55.0
69.0
15.0
39.0
52.0
5.0
37.0
14.0
65.0
74.0
12.0
29.0
69.0
4.0
4.0
93.0
14.0
6.0
41.0
39.0
7.0
11.0
15.0
80.0
23.0
79.0
73.0
68.0
75.0
89.0
89.0
64.0
18.0
64.0
54.0
54.0
57.0
87.0
89.0
87.0
3.0
22.0
7.0
44.0
83.0
15.0
17.0
17.0
23.0
98.0
4.0
26.0
28.0
37.0
5.0
21.0
82.0
57.0
79.0
94.0
65.0
80.0
69.0
16.0
27.0
92.0
17.0
43.0
87.0
97.0
72.0
15.0
27.0
25.0
16.0
25.0
32.0
59.0
68.0
40.0
67.0
99.0
20.0
97.0
44.0
32.0
100.0
25.0
27.0
20.0
71.0
38.0
41.0
75.0
45.0
28.0
45.0
38.0
88.0
57.0
25.0
20.0
20.0
9.0
76.0
11.0
34.0
59.0
73.0
46.0
43.0
42.0
69.0
27.0
80.0
44.0
11.0
70.0
27.0
29.0
62.0
13.0
36.0
22.0
28.0
99.0
68.0
49.0
35.0
21.0
31.0
75.0
17.0
98.0
21.0
56.0
57.0
68.0
39.0
87.0
31.0
82.0
14.0
96.0
50.0
6.0
87.0
89.0
43.0
62.0
62.0
8.0
77.0
7.0
56.0
26.0
31.0
66.0
97.0
94.0
36.0
31.0
23.0
60.0
5.0
13.0
71.0
71.0
67.0
19.0
39.0
37.0
81.0
97.0
24.0
21.0
70.0
50.0
83.0
55.0
77.0
45.0
25.0
49.0
79.0
21.0
92.0
77.0
50.0
38.0
75.0
42.0
88.0
97.0
50.0
18.0
96.0
6.0
1.0
26.0
70.0
89.0
4.0
75.0
40.0
40.0
94.0
84.0
77.0
61.0
77.0
62.0
66.0
69.0
3.0
91.0
73.0
75.0
31.0
17.0
98.0
29.0
80.0
99.0
68.0
71.0
8.0
78.0
54.0
39.0
57.0
24.0
81.0
16.0
27.0
45.0
8.0
12.0
31.0
96.0
68.0
24.0
89.0
57.0
32.0
96.0
72.0
98.0
78.0
19.0
16.0
99.0
11.0
59.0
67.0
93.0
27.0
69.0
34.0
85.0
64.0
7.0
99.0
67.0
64.0
73.0
6.0
6.0
59.0
87.0
49.0
5.0
67.0
49.0
13.0
83.0
11.0
8.0
49.0
37.0
61.0
40.0
13.0
72.0
87.0
68.0
82.0
51.0
20.0
68.0
23.0
41.0
92.0
61.0
96.0
33.0
33.0
16.0
68.0
2.0
23.0
35.0
89.0
62.0
61.0
69.0
33.0
46.0
48.0
3.0
18.0
23.0
38.0
93.0
6.0
24.0
73.0
30.0
60.0
18.0
57.0
59.0
97.0
14.0
32.0
1.0
11.0
72.0
68.0
85.0
64.0
49.0
73.0
89.0
68.0
26.0
55.0
29.0
17.0
81.0
18.0
13.0
22.0
72.0
59.0
6.0
75.0
33.0
71.0
84.0
20.0